"success","timeout","failed_images","failed_audio","failed_video","trial_type","trial_index","time_elapsed","internal_node_id","subject_id","study_id","session_id","view_history","rt","stimulus","response","task","image_index","folder","sequence_type","valuable_image_index","reward_type","chosen_image_index","target_X","correct_choice"
"true","false","[]","[]","[]","preload","0","6275","0.0-0.0","E55A9614FCB74F67BD0BC91F01BD4C2A","019cf795-33c7-7c68-a196-01eacf087397","019cf78c-cfcf-769c-9016-9b96552b5e33","","","","","","","","","","","","",""
"","","","","","instructions","1","7805","0.0-1.0","E55A9614FCB74F67BD0BC91F01BD4C2A","019cf795-33c7-7c68-a196-01eacf087397","019cf78c-cfcf-769c-9016-9b96552b5e33","[{""page_index"":0,""viewing_time"":1529}]","1529","","","","","","","","","","",""
"","","","","","instructions","2","10343","0.0-2.0","E55A9614FCB74F67BD0BC91F01BD4C2A","019cf795-33c7-7c68-a196-01eacf087397","019cf78c-cfcf-769c-9016-9b96552b5e33","[{""page_index"":0,""viewing_time"":2538}]","2538","","","","","","","","","","",""
"true","","","","","fullscreen","3","12682","0.0-3.0","E55A9614FCB74F67BD0BC91F01BD4C2A","019cf795-33c7-7c68-a196-01eacf087397","019cf78c-cfcf-769c-9016-9b96552b5e33","","1333","","","","","","","","","","",""
"","","","","","instructions","4","22115","0.0-4.0","E55A9614FCB74F67BD0BC91F01BD4C2A","019cf795-33c7-7c68-a196-01eacf087397","019cf78c-cfcf-769c-9016-9b96552b5e33","[{""page_index"":0,""viewing_time"":9432}]","9433","","","","","","","","","","",""
"","","","","","instructions","5","29682","0.0-5.0","E55A9614FCB74F67BD0BC91F01BD4C2A","019cf795-33c7-7c68-a196-01eacf087397","019cf78c-cfcf-769c-9016-9b96552b5e33","[{""page_index"":0,""viewing_time"":7566}]","7566","","","","","","","","","","",""
"","","","","","html-keyboard-response","6","33683","0.0-6.0","E55A9614FCB74F67BD0BC91F01BD4C2A","019cf795-33c7-7c68-a196-01eacf087397","019cf78c-cfcf-769c-9016-9b96552b5e33","","null","
                <div class=""stimulus-container"">
                    <img src=""images/instructions/movie_1.png"" class=""exp-image"">
                    <div class=""question-area""></div> 
                </div>","null","","","","","","","","",""
"","","","","","html-button-response","7","36157","0.0-7.0","E55A9614FCB74F67BD0BC91F01BD4C2A","019cf795-33c7-7c68-a196-01eacf087397","019cf78c-cfcf-769c-9016-9b96552b5e33","","2473","
                <div class=""stimulus-container"">
                    <img src=""images/instructions/movie_1.png"" class=""exp-image"">
                    <div class=""question-area"">
                        <p style=""font-size: 20px; font-weight: bold; margin: 0;"">Was there a person in this image?</p>
                    </div>
                </div>","0","example_question","1","","","","","","",""
"","","","","","html-keyboard-response","8","40166","0.0-8.0","E55A9614FCB74F67BD0BC91F01BD4C2A","019cf795-33c7-7c68-a196-01eacf087397","019cf78c-cfcf-769c-9016-9b96552b5e33","","null","
                <div class=""stimulus-container"">
                    <img src=""images/instructions/movie_2.png"" class=""exp-image"">
                    <div class=""question-area""></div> 
                </div>","null","","","","","","","","",""
"","","","","","html-button-response","9","41185","0.0-9.0","E55A9614FCB74F67BD0BC91F01BD4C2A","019cf795-33c7-7c68-a196-01eacf087397","019cf78c-cfcf-769c-9016-9b96552b5e33","","1018","
                <div class=""stimulus-container"">
                    <img src=""images/instructions/movie_2.png"" class=""exp-image"">
                    <div class=""question-area"">
                        <p style=""font-size: 20px; font-weight: bold; margin: 0;"">Was there a person in this image?</p>
                    </div>
                </div>","1","example_question","2","","","","","","",""
"","","","","","html-keyboard-response","10","45194","0.0-10.0","E55A9614FCB74F67BD0BC91F01BD4C2A","019cf795-33c7-7c68-a196-01eacf087397","019cf78c-cfcf-769c-9016-9b96552b5e33","","null","
                <div class=""stimulus-container"">
                    <img src=""images/instructions/movie_3.png"" class=""exp-image"">
                    <div class=""question-area""></div> 
                </div>","null","","","","","","","","",""
"","","","","","html-button-response","11","45878","0.0-11.0","E55A9614FCB74F67BD0BC91F01BD4C2A","019cf795-33c7-7c68-a196-01eacf087397","019cf78c-cfcf-769c-9016-9b96552b5e33","","683","
                <div class=""stimulus-container"">
                    <img src=""images/instructions/movie_3.png"" class=""exp-image"">
                    <div class=""question-area"">
                        <p style=""font-size: 20px; font-weight: bold; margin: 0;"">Was there a person in this image?</p>
                    </div>
                </div>","0","example_question","3","","","","","","",""
"","","","","","html-keyboard-response","12","49884","0.0-12.0","E55A9614FCB74F67BD0BC91F01BD4C2A","019cf795-33c7-7c68-a196-01eacf087397","019cf78c-cfcf-769c-9016-9b96552b5e33","","null","
                <div class=""stimulus-container"">
                    <img src=""images/instructions/movie_4.png"" class=""exp-image"">
                    <div class=""question-area""></div> 
                </div>","null","","","","","","","","",""
"","","","","","html-button-response","13","50598","0.0-13.0","E55A9614FCB74F67BD0BC91F01BD4C2A","019cf795-33c7-7c68-a196-01eacf087397","019cf78c-cfcf-769c-9016-9b96552b5e33","","713","
                <div class=""stimulus-container"">
                    <img src=""images/instructions/movie_4.png"" class=""exp-image"">
                    <div class=""question-area"">
                        <p style=""font-size: 20px; font-weight: bold; margin: 0;"">Was there a person in this image?</p>
                    </div>
                </div>","0","example_question","4","","","","","","",""
"","","","","","instructions","14","52526","0.0-14.0","E55A9614FCB74F67BD0BC91F01BD4C2A","019cf795-33c7-7c68-a196-01eacf087397","019cf78c-cfcf-769c-9016-9b96552b5e33","[{""page_index"":0,""viewing_time"":1928}]","1928","","","","","","","","","","",""
"","","","","","instructions","15","58054","0.0-15.0","E55A9614FCB74F67BD0BC91F01BD4C2A","019cf795-33c7-7c68-a196-01eacf087397","019cf78c-cfcf-769c-9016-9b96552b5e33","[{""page_index"":0,""viewing_time"":5527}]","5527","","","","","","","","","","",""
"","","","","","html-keyboard-response","16","59060","0.0-16.0","E55A9614FCB74F67BD0BC91F01BD4C2A","019cf795-33c7-7c68-a196-01eacf087397","019cf78c-cfcf-769c-9016-9b96552b5e33","","null","<div style=""background-color: white; width: 100vw; height: 100vh;""></div>","null","","","","","","","","",""
"","","","","","html-keyboard-response","17","64065","0.0-17.0","E55A9614FCB74F67BD0BC91F01BD4C2A","019cf795-33c7-7c68-a196-01eacf087397","019cf78c-cfcf-769c-9016-9b96552b5e33","","null","
                <div class=""stimulus-container"">
                    <img src=""images/semantic_sequence/market_semantic/market_semantic_1.png"" class=""exp-image"">
                    <div class=""question-area""></div> 
                </div>","null","","","","","","","","",""
"","","","","","html-button-response","18","65277","0.0-18.0","E55A9614FCB74F67BD0BC91F01BD4C2A","019cf795-33c7-7c68-a196-01eacf087397","019cf78c-cfcf-769c-9016-9b96552b5e33","","1212","
                <div class=""stimulus-container"">
                    <img src=""images/semantic_sequence/market_semantic/market_semantic_1.png"" class=""exp-image"">
                    <div class=""question-area"">
                        <p style=""font-size: 20px; font-weight: bold; margin: 0;"">Is there a person in this image?</p>
                    </div>
                </div>","1","main_experiment_trial","1","market_semantic","semantic_sequence","","","","",""
"","","","","","html-keyboard-response","19","70283","0.0-19.0","E55A9614FCB74F67BD0BC91F01BD4C2A","019cf795-33c7-7c68-a196-01eacf087397","019cf78c-cfcf-769c-9016-9b96552b5e33","","null","
                <div class=""stimulus-container"">
                    <img src=""images/semantic_sequence/market_semantic/market_semantic_2.png"" class=""exp-image"">
                    <div class=""question-area""></div> 
                </div>","null","","","","","","","","",""
"","","","","","html-button-response","20","70895","0.0-20.0","E55A9614FCB74F67BD0BC91F01BD4C2A","019cf795-33c7-7c68-a196-01eacf087397","019cf78c-cfcf-769c-9016-9b96552b5e33","","611","
                <div class=""stimulus-container"">
                    <img src=""images/semantic_sequence/market_semantic/market_semantic_2.png"" class=""exp-image"">
                    <div class=""question-area"">
                        <p style=""font-size: 20px; font-weight: bold; margin: 0;"">Is there a person in this image?</p>
                    </div>
                </div>","1","main_experiment_trial","2","market_semantic","semantic_sequence","","","","",""
"","","","","","html-keyboard-response","21","75898","0.0-21.0","E55A9614FCB74F67BD0BC91F01BD4C2A","019cf795-33c7-7c68-a196-01eacf087397","019cf78c-cfcf-769c-9016-9b96552b5e33","","null","
                <div class=""stimulus-container"">
                    <img src=""images/semantic_sequence/market_semantic/market_semantic_3.png"" class=""exp-image"">
                    <div class=""question-area""></div> 
                </div>","null","","","","","","","","",""
"","","","","","html-button-response","22","76534","0.0-22.0","E55A9614FCB74F67BD0BC91F01BD4C2A","019cf795-33c7-7c68-a196-01eacf087397","019cf78c-cfcf-769c-9016-9b96552b5e33","","635","
                <div class=""stimulus-container"">
                    <img src=""images/semantic_sequence/market_semantic/market_semantic_3.png"" class=""exp-image"">
                    <div class=""question-area"">
                        <p style=""font-size: 20px; font-weight: bold; margin: 0;"">Is there a person in this image?</p>
                    </div>
                </div>","1","main_experiment_trial","3","market_semantic","semantic_sequence","","","","",""
"","","","","","html-keyboard-response","23","81539","0.0-23.0","E55A9614FCB74F67BD0BC91F01BD4C2A","019cf795-33c7-7c68-a196-01eacf087397","019cf78c-cfcf-769c-9016-9b96552b5e33","","null","
                <div class=""stimulus-container"">
                    <img src=""images/semantic_sequence/market_semantic/market_semantic_4.png"" class=""exp-image"">
                    <div class=""question-area""></div> 
                </div>","null","","","","","","","","",""
"","","","","","html-button-response","24","82047","0.0-24.0","E55A9614FCB74F67BD0BC91F01BD4C2A","019cf795-33c7-7c68-a196-01eacf087397","019cf78c-cfcf-769c-9016-9b96552b5e33","","507","
                <div class=""stimulus-container"">
                    <img src=""images/semantic_sequence/market_semantic/market_semantic_4.png"" class=""exp-image"">
                    <div class=""question-area"">
                        <p style=""font-size: 20px; font-weight: bold; margin: 0;"">Is there a person in this image?</p>
                    </div>
                </div>","0","main_experiment_trial","4","market_semantic","semantic_sequence","","","","",""
"","","","","","html-keyboard-response","25","87055","0.0-25.0","E55A9614FCB74F67BD0BC91F01BD4C2A","019cf795-33c7-7c68-a196-01eacf087397","019cf78c-cfcf-769c-9016-9b96552b5e33","","null","
                <div class=""stimulus-container"">
                    <img src=""images/semantic_sequence/market_semantic/market_semantic_5.png"" class=""exp-image"">
                    <div class=""question-area""></div> 
                </div>","null","","","","","","","","",""
"","","","","","html-button-response","26","87673","0.0-26.0","E55A9614FCB74F67BD0BC91F01BD4C2A","019cf795-33c7-7c68-a196-01eacf087397","019cf78c-cfcf-769c-9016-9b96552b5e33","","617","
                <div class=""stimulus-container"">
                    <img src=""images/semantic_sequence/market_semantic/market_semantic_5.png"" class=""exp-image"">
                    <div class=""question-area"">
                        <p style=""font-size: 20px; font-weight: bold; margin: 0;"">Is there a person in this image?</p>
                    </div>
                </div>","1","main_experiment_trial","5","market_semantic","semantic_sequence","","","","",""
"","","","","","html-keyboard-response","27","92677","0.0-27.0","E55A9614FCB74F67BD0BC91F01BD4C2A","019cf795-33c7-7c68-a196-01eacf087397","019cf78c-cfcf-769c-9016-9b96552b5e33","","null","
                <div class=""stimulus-container"">
                    <img src=""images/semantic_sequence/market_semantic/market_semantic_6.png"" class=""exp-image"">
                    <div class=""question-area""></div> 
                </div>","null","","","","","","","","",""
"","","","","","html-button-response","28","94652","0.0-28.0","E55A9614FCB74F67BD0BC91F01BD4C2A","019cf795-33c7-7c68-a196-01eacf087397","019cf78c-cfcf-769c-9016-9b96552b5e33","","1974","
                <div class=""stimulus-container"">
                    <img src=""images/semantic_sequence/market_semantic/market_semantic_6.png"" class=""exp-image"">
                    <div class=""question-area"">
                        <p style=""font-size: 20px; font-weight: bold; margin: 0;"">Is there a person in this image?</p>
                    </div>
                </div>","1","main_experiment_trial","6","market_semantic","semantic_sequence","","","","",""
"","","","","","html-keyboard-response","29","99657","0.0-29.0","E55A9614FCB74F67BD0BC91F01BD4C2A","019cf795-33c7-7c68-a196-01eacf087397","019cf78c-cfcf-769c-9016-9b96552b5e33","","null","
                <div class=""stimulus-container"">
                    <img src=""images/semantic_sequence/market_semantic/market_semantic_7.png"" class=""exp-image"">
                    <div class=""question-area""></div> 
                </div>","null","","","","","","","","",""
"","","","","","html-button-response","30","100438","0.0-30.0","E55A9614FCB74F67BD0BC91F01BD4C2A","019cf795-33c7-7c68-a196-01eacf087397","019cf78c-cfcf-769c-9016-9b96552b5e33","","780","
                <div class=""stimulus-container"">
                    <img src=""images/semantic_sequence/market_semantic/market_semantic_7.png"" class=""exp-image"">
                    <div class=""question-area"">
                        <p style=""font-size: 20px; font-weight: bold; margin: 0;"">Is there a person in this image?</p>
                    </div>
                </div>","0","main_experiment_trial","7","market_semantic","semantic_sequence","","","","",""
"","","","","","html-keyboard-response","31","105439","0.0-31.0","E55A9614FCB74F67BD0BC91F01BD4C2A","019cf795-33c7-7c68-a196-01eacf087397","019cf78c-cfcf-769c-9016-9b96552b5e33","","null","
                <div class=""stimulus-container"">
                    <img src=""images/semantic_sequence/market_semantic/market_semantic_8.png"" class=""exp-image"">
                    <div class=""question-area""></div> 
                </div>","null","","","","","","","","",""
"","","","","","html-button-response","32","106462","0.0-32.0","E55A9614FCB74F67BD0BC91F01BD4C2A","019cf795-33c7-7c68-a196-01eacf087397","019cf78c-cfcf-769c-9016-9b96552b5e33","","1022","
                <div class=""stimulus-container"">
                    <img src=""images/semantic_sequence/market_semantic/market_semantic_8.png"" class=""exp-image"">
                    <div class=""question-area"">
                        <p style=""font-size: 20px; font-weight: bold; margin: 0;"">Is there a person in this image?</p>
                    </div>
                </div>","1","main_experiment_trial","8","market_semantic","semantic_sequence","","","","",""
"","","","","","html-keyboard-response","33","111466","0.0-33.0","E55A9614FCB74F67BD0BC91F01BD4C2A","019cf795-33c7-7c68-a196-01eacf087397","019cf78c-cfcf-769c-9016-9b96552b5e33","","null","
                <div class=""stimulus-container"">
                    <img src=""images/semantic_sequence/market_semantic/market_semantic_9.png"" class=""exp-image"">
                    <div class=""question-area""></div> 
                </div>","null","","","","","","","","",""
"","","","","","html-button-response","34","112148","0.0-34.0","E55A9614FCB74F67BD0BC91F01BD4C2A","019cf795-33c7-7c68-a196-01eacf087397","019cf78c-cfcf-769c-9016-9b96552b5e33","","681","
                <div class=""stimulus-container"">
                    <img src=""images/semantic_sequence/market_semantic/market_semantic_9.png"" class=""exp-image"">
                    <div class=""question-area"">
                        <p style=""font-size: 20px; font-weight: bold; margin: 0;"">Is there a person in this image?</p>
                    </div>
                </div>","1","main_experiment_trial","9","market_semantic","semantic_sequence","","","","",""
"","","","","","html-keyboard-response","35","117157","0.0-35.0","E55A9614FCB74F67BD0BC91F01BD4C2A","019cf795-33c7-7c68-a196-01eacf087397","019cf78c-cfcf-769c-9016-9b96552b5e33","","null","
                <div class=""stimulus-container"">
                    <img src=""images/semantic_sequence/market_semantic/market_semantic_ten.png"" class=""exp-image"">
                    <div class=""question-area""></div> 
                </div>","null","","","","","","","","",""
"","","","","","html-button-response","36","117801","0.0-36.0","E55A9614FCB74F67BD0BC91F01BD4C2A","019cf795-33c7-7c68-a196-01eacf087397","019cf78c-cfcf-769c-9016-9b96552b5e33","","643","
                <div class=""stimulus-container"">
                    <img src=""images/semantic_sequence/market_semantic/market_semantic_ten.png"" class=""exp-image"">
                    <div class=""question-area"">
                        <p style=""font-size: 20px; font-weight: bold; margin: 0;"">Is there a person in this image?</p>
                    </div>
                </div>","1","main_experiment_trial","ten","market_semantic","semantic_sequence","","","","",""
"","","","","","html-keyboard-response","37","118807","0.0-37.0","E55A9614FCB74F67BD0BC91F01BD4C2A","019cf795-33c7-7c68-a196-01eacf087397","019cf78c-cfcf-769c-9016-9b96552b5e33","","null","<div style=""background-color: white; width: 100vw; height: 100vh;""></div>","null","","","","","","","","",""
"","","","","","html-keyboard-response","38","123816","0.0-38.0","E55A9614FCB74F67BD0BC91F01BD4C2A","019cf795-33c7-7c68-a196-01eacf087397","019cf78c-cfcf-769c-9016-9b96552b5e33","","null","
                <div class=""stimulus-container"">
                    <img src=""images/schematic_sequence/flight_scheme/flight_scheme_1.png"" class=""exp-image"">
                    <div class=""question-area""></div> 
                </div>","null","","","","","","","","",""
"","","","","","html-button-response","39","125073","0.0-39.0","E55A9614FCB74F67BD0BC91F01BD4C2A","019cf795-33c7-7c68-a196-01eacf087397","019cf78c-cfcf-769c-9016-9b96552b5e33","","1256","
                <div class=""stimulus-container"">
                    <img src=""images/schematic_sequence/flight_scheme/flight_scheme_1.png"" class=""exp-image"">
                    <div class=""question-area"">
                        <p style=""font-size: 20px; font-weight: bold; margin: 0;"">Is there a person in this image?</p>
                    </div>
                </div>","1","main_experiment_trial","1","flight_scheme","schematic_sequence","","","","",""
"","","","","","html-keyboard-response","40","130082","0.0-40.0","E55A9614FCB74F67BD0BC91F01BD4C2A","019cf795-33c7-7c68-a196-01eacf087397","019cf78c-cfcf-769c-9016-9b96552b5e33","","null","
                <div class=""stimulus-container"">
                    <img src=""images/schematic_sequence/flight_scheme/flight_scheme_2.png"" class=""exp-image"">
                    <div class=""question-area""></div> 
                </div>","null","","","","","","","","",""
"","","","","","html-button-response","41","130839","0.0-41.0","E55A9614FCB74F67BD0BC91F01BD4C2A","019cf795-33c7-7c68-a196-01eacf087397","019cf78c-cfcf-769c-9016-9b96552b5e33","","757","
                <div class=""stimulus-container"">
                    <img src=""images/schematic_sequence/flight_scheme/flight_scheme_2.png"" class=""exp-image"">
                    <div class=""question-area"">
                        <p style=""font-size: 20px; font-weight: bold; margin: 0;"">Is there a person in this image?</p>
                    </div>
                </div>","1","main_experiment_trial","2","flight_scheme","schematic_sequence","","","","",""
"","","","","","html-keyboard-response","42","135846","0.0-42.0","E55A9614FCB74F67BD0BC91F01BD4C2A","019cf795-33c7-7c68-a196-01eacf087397","019cf78c-cfcf-769c-9016-9b96552b5e33","","null","
                <div class=""stimulus-container"">
                    <img src=""images/schematic_sequence/flight_scheme/flight_scheme_3.png"" class=""exp-image"">
                    <div class=""question-area""></div> 
                </div>","null","","","","","","","","",""
"","","","","","html-button-response","43","136432","0.0-43.0","E55A9614FCB74F67BD0BC91F01BD4C2A","019cf795-33c7-7c68-a196-01eacf087397","019cf78c-cfcf-769c-9016-9b96552b5e33","","584","
                <div class=""stimulus-container"">
                    <img src=""images/schematic_sequence/flight_scheme/flight_scheme_3.png"" class=""exp-image"">
                    <div class=""question-area"">
                        <p style=""font-size: 20px; font-weight: bold; margin: 0;"">Is there a person in this image?</p>
                    </div>
                </div>","0","main_experiment_trial","3","flight_scheme","schematic_sequence","","","","",""
"","","","","","html-keyboard-response","44","141434","0.0-44.0","E55A9614FCB74F67BD0BC91F01BD4C2A","019cf795-33c7-7c68-a196-01eacf087397","019cf78c-cfcf-769c-9016-9b96552b5e33","","null","
                <div class=""stimulus-container"">
                    <img src=""images/schematic_sequence/flight_scheme/flight_scheme_4.png"" class=""exp-image"">
                    <div class=""question-area""></div> 
                </div>","null","","","","","","","","",""
"","","","","","html-button-response","45","141994","0.0-45.0","E55A9614FCB74F67BD0BC91F01BD4C2A","019cf795-33c7-7c68-a196-01eacf087397","019cf78c-cfcf-769c-9016-9b96552b5e33","","559","
                <div class=""stimulus-container"">
                    <img src=""images/schematic_sequence/flight_scheme/flight_scheme_4.png"" class=""exp-image"">
                    <div class=""question-area"">
                        <p style=""font-size: 20px; font-weight: bold; margin: 0;"">Is there a person in this image?</p>
                    </div>
                </div>","0","main_experiment_trial","4","flight_scheme","schematic_sequence","","","","",""
"","","","","","html-keyboard-response","46","147000","0.0-46.0","E55A9614FCB74F67BD0BC91F01BD4C2A","019cf795-33c7-7c68-a196-01eacf087397","019cf78c-cfcf-769c-9016-9b96552b5e33","","null","
                <div class=""stimulus-container"">
                    <img src=""images/schematic_sequence/flight_scheme/flight_scheme_5.png"" class=""exp-image"">
                    <div class=""question-area""></div> 
                </div>","null","","","","","","","","",""
"","","","","","html-button-response","47","147544","0.0-47.0","E55A9614FCB74F67BD0BC91F01BD4C2A","019cf795-33c7-7c68-a196-01eacf087397","019cf78c-cfcf-769c-9016-9b96552b5e33","","543","
                <div class=""stimulus-container"">
                    <img src=""images/schematic_sequence/flight_scheme/flight_scheme_5.png"" class=""exp-image"">
                    <div class=""question-area"">
                        <p style=""font-size: 20px; font-weight: bold; margin: 0;"">Is there a person in this image?</p>
                    </div>
                </div>","0","main_experiment_trial","5","flight_scheme","schematic_sequence","","","","",""
"","","","","","html-keyboard-response","48","152552","0.0-48.0","E55A9614FCB74F67BD0BC91F01BD4C2A","019cf795-33c7-7c68-a196-01eacf087397","019cf78c-cfcf-769c-9016-9b96552b5e33","","null","
                <div class=""stimulus-container"">
                    <img src=""images/schematic_sequence/flight_scheme/flight_scheme_6.png"" class=""exp-image"">
                    <div class=""question-area""></div> 
                </div>","null","","","","","","","","",""
"","","","","","html-button-response","49","153097","0.0-49.0","E55A9614FCB74F67BD0BC91F01BD4C2A","019cf795-33c7-7c68-a196-01eacf087397","019cf78c-cfcf-769c-9016-9b96552b5e33","","544","
                <div class=""stimulus-container"">
                    <img src=""images/schematic_sequence/flight_scheme/flight_scheme_6.png"" class=""exp-image"">
                    <div class=""question-area"">
                        <p style=""font-size: 20px; font-weight: bold; margin: 0;"">Is there a person in this image?</p>
                    </div>
                </div>","1","main_experiment_trial","6","flight_scheme","schematic_sequence","","","","",""
"","","","","","html-keyboard-response","50","158106","0.0-50.0","E55A9614FCB74F67BD0BC91F01BD4C2A","019cf795-33c7-7c68-a196-01eacf087397","019cf78c-cfcf-769c-9016-9b96552b5e33","","null","
                <div class=""stimulus-container"">
                    <img src=""images/schematic_sequence/flight_scheme/flight_scheme_7.png"" class=""exp-image"">
                    <div class=""question-area""></div> 
                </div>","null","","","","","","","","",""
"","","","","","html-button-response","51","158647","0.0-51.0","E55A9614FCB74F67BD0BC91F01BD4C2A","019cf795-33c7-7c68-a196-01eacf087397","019cf78c-cfcf-769c-9016-9b96552b5e33","","540","
                <div class=""stimulus-container"">
                    <img src=""images/schematic_sequence/flight_scheme/flight_scheme_7.png"" class=""exp-image"">
                    <div class=""question-area"">
                        <p style=""font-size: 20px; font-weight: bold; margin: 0;"">Is there a person in this image?</p>
                    </div>
                </div>","1","main_experiment_trial","7","flight_scheme","schematic_sequence","","","","",""
"","","","","","html-keyboard-response","52","163656","0.0-52.0","E55A9614FCB74F67BD0BC91F01BD4C2A","019cf795-33c7-7c68-a196-01eacf087397","019cf78c-cfcf-769c-9016-9b96552b5e33","","null","
                <div class=""stimulus-container"">
                    <img src=""images/schematic_sequence/flight_scheme/flight_scheme_8.png"" class=""exp-image"">
                    <div class=""question-area""></div> 
                </div>","null","","","","","","","","",""
"","","","","","html-button-response","53","164186","0.0-53.0","E55A9614FCB74F67BD0BC91F01BD4C2A","019cf795-33c7-7c68-a196-01eacf087397","019cf78c-cfcf-769c-9016-9b96552b5e33","","529","
                <div class=""stimulus-container"">
                    <img src=""images/schematic_sequence/flight_scheme/flight_scheme_8.png"" class=""exp-image"">
                    <div class=""question-area"">
                        <p style=""font-size: 20px; font-weight: bold; margin: 0;"">Is there a person in this image?</p>
                    </div>
                </div>","1","main_experiment_trial","8","flight_scheme","schematic_sequence","","","","",""
"","","","","","html-keyboard-response","54","169192","0.0-54.0","E55A9614FCB74F67BD0BC91F01BD4C2A","019cf795-33c7-7c68-a196-01eacf087397","019cf78c-cfcf-769c-9016-9b96552b5e33","","null","
                <div class=""stimulus-container"">
                    <img src=""images/schematic_sequence/flight_scheme/flight_scheme_9.png"" class=""exp-image"">
                    <div class=""question-area""></div> 
                </div>","null","","","","","","","","",""
"","","","","","html-button-response","55","169675","0.0-55.0","E55A9614FCB74F67BD0BC91F01BD4C2A","019cf795-33c7-7c68-a196-01eacf087397","019cf78c-cfcf-769c-9016-9b96552b5e33","","482","
                <div class=""stimulus-container"">
                    <img src=""images/schematic_sequence/flight_scheme/flight_scheme_9.png"" class=""exp-image"">
                    <div class=""question-area"">
                        <p style=""font-size: 20px; font-weight: bold; margin: 0;"">Is there a person in this image?</p>
                    </div>
                </div>","0","main_experiment_trial","9","flight_scheme","schematic_sequence","","","","",""
"","","","","","html-keyboard-response","56","174679","0.0-56.0","E55A9614FCB74F67BD0BC91F01BD4C2A","019cf795-33c7-7c68-a196-01eacf087397","019cf78c-cfcf-769c-9016-9b96552b5e33","","null","
                <div class=""stimulus-container"">
                    <img src=""images/schematic_sequence/flight_scheme/flight_scheme_ten.png"" class=""exp-image"">
                    <div class=""question-area""></div> 
                </div>","null","","","","","","","","",""
"","","","","","html-button-response","57","175273","0.0-57.0","E55A9614FCB74F67BD0BC91F01BD4C2A","019cf795-33c7-7c68-a196-01eacf087397","019cf78c-cfcf-769c-9016-9b96552b5e33","","594","
                <div class=""stimulus-container"">
                    <img src=""images/schematic_sequence/flight_scheme/flight_scheme_ten.png"" class=""exp-image"">
                    <div class=""question-area"">
                        <p style=""font-size: 20px; font-weight: bold; margin: 0;"">Is there a person in this image?</p>
                    </div>
                </div>","0","main_experiment_trial","ten","flight_scheme","schematic_sequence","","","","",""
"","","","","","html-keyboard-response","58","176279","0.0-58.0","E55A9614FCB74F67BD0BC91F01BD4C2A","019cf795-33c7-7c68-a196-01eacf087397","019cf78c-cfcf-769c-9016-9b96552b5e33","","null","<div style=""background-color: white; width: 100vw; height: 100vh;""></div>","null","","","","","","","","",""
"","","","","","html-keyboard-response","59","181285","0.0-59.0","E55A9614FCB74F67BD0BC91F01BD4C2A","019cf795-33c7-7c68-a196-01eacf087397","019cf78c-cfcf-769c-9016-9b96552b5e33","","null","
                <div class=""stimulus-container"">
                    <img src=""images/schematic_sequence/restaurant_scheme/restaurant_scheme_1.png"" class=""exp-image"">
                    <div class=""question-area""></div> 
                </div>","null","","","","","","","","",""
"","","","","","html-button-response","60","181873","0.0-60.0","E55A9614FCB74F67BD0BC91F01BD4C2A","019cf795-33c7-7c68-a196-01eacf087397","019cf78c-cfcf-769c-9016-9b96552b5e33","","587","
                <div class=""stimulus-container"">
                    <img src=""images/schematic_sequence/restaurant_scheme/restaurant_scheme_1.png"" class=""exp-image"">
                    <div class=""question-area"">
                        <p style=""font-size: 20px; font-weight: bold; margin: 0;"">Is there a person in this image?</p>
                    </div>
                </div>","0","main_experiment_trial","1","restaurant_scheme","schematic_sequence","","","","",""
"","","","","","html-keyboard-response","61","186875","0.0-61.0","E55A9614FCB74F67BD0BC91F01BD4C2A","019cf795-33c7-7c68-a196-01eacf087397","019cf78c-cfcf-769c-9016-9b96552b5e33","","null","
                <div class=""stimulus-container"">
                    <img src=""images/schematic_sequence/restaurant_scheme/restaurant_scheme_2.png"" class=""exp-image"">
                    <div class=""question-area""></div> 
                </div>","null","","","","","","","","",""
"","","","","","html-button-response","62","187431","0.0-62.0","E55A9614FCB74F67BD0BC91F01BD4C2A","019cf795-33c7-7c68-a196-01eacf087397","019cf78c-cfcf-769c-9016-9b96552b5e33","","556","
                <div class=""stimulus-container"">
                    <img src=""images/schematic_sequence/restaurant_scheme/restaurant_scheme_2.png"" class=""exp-image"">
                    <div class=""question-area"">
                        <p style=""font-size: 20px; font-weight: bold; margin: 0;"">Is there a person in this image?</p>
                    </div>
                </div>","1","main_experiment_trial","2","restaurant_scheme","schematic_sequence","","","","",""
"","","","","","html-keyboard-response","63","192439","0.0-63.0","E55A9614FCB74F67BD0BC91F01BD4C2A","019cf795-33c7-7c68-a196-01eacf087397","019cf78c-cfcf-769c-9016-9b96552b5e33","","null","
                <div class=""stimulus-container"">
                    <img src=""images/schematic_sequence/restaurant_scheme/restaurant_scheme_3.png"" class=""exp-image"">
                    <div class=""question-area""></div> 
                </div>","null","","","","","","","","",""
"","","","","","html-button-response","64","192926","0.0-64.0","E55A9614FCB74F67BD0BC91F01BD4C2A","019cf795-33c7-7c68-a196-01eacf087397","019cf78c-cfcf-769c-9016-9b96552b5e33","","487","
                <div class=""stimulus-container"">
                    <img src=""images/schematic_sequence/restaurant_scheme/restaurant_scheme_3.png"" class=""exp-image"">
                    <div class=""question-area"">
                        <p style=""font-size: 20px; font-weight: bold; margin: 0;"">Is there a person in this image?</p>
                    </div>
                </div>","1","main_experiment_trial","3","restaurant_scheme","schematic_sequence","","","","",""
"","","","","","html-keyboard-response","65","197936","0.0-65.0","E55A9614FCB74F67BD0BC91F01BD4C2A","019cf795-33c7-7c68-a196-01eacf087397","019cf78c-cfcf-769c-9016-9b96552b5e33","","null","
                <div class=""stimulus-container"">
                    <img src=""images/schematic_sequence/restaurant_scheme/restaurant_scheme_4.png"" class=""exp-image"">
                    <div class=""question-area""></div> 
                </div>","null","","","","","","","","",""
"","","","","","html-button-response","66","198444","0.0-66.0","E55A9614FCB74F67BD0BC91F01BD4C2A","019cf795-33c7-7c68-a196-01eacf087397","019cf78c-cfcf-769c-9016-9b96552b5e33","","508","
                <div class=""stimulus-container"">
                    <img src=""images/schematic_sequence/restaurant_scheme/restaurant_scheme_4.png"" class=""exp-image"">
                    <div class=""question-area"">
                        <p style=""font-size: 20px; font-weight: bold; margin: 0;"">Is there a person in this image?</p>
                    </div>
                </div>","0","main_experiment_trial","4","restaurant_scheme","schematic_sequence","","","","",""
"","","","","","html-keyboard-response","67","203450","0.0-67.0","E55A9614FCB74F67BD0BC91F01BD4C2A","019cf795-33c7-7c68-a196-01eacf087397","019cf78c-cfcf-769c-9016-9b96552b5e33","","null","
                <div class=""stimulus-container"">
                    <img src=""images/schematic_sequence/restaurant_scheme/restaurant_scheme_5.png"" class=""exp-image"">
                    <div class=""question-area""></div> 
                </div>","null","","","","","","","","",""
"","","","","","html-button-response","68","203950","0.0-68.0","E55A9614FCB74F67BD0BC91F01BD4C2A","019cf795-33c7-7c68-a196-01eacf087397","019cf78c-cfcf-769c-9016-9b96552b5e33","","499","
                <div class=""stimulus-container"">
                    <img src=""images/schematic_sequence/restaurant_scheme/restaurant_scheme_5.png"" class=""exp-image"">
                    <div class=""question-area"">
                        <p style=""font-size: 20px; font-weight: bold; margin: 0;"">Is there a person in this image?</p>
                    </div>
                </div>","0","main_experiment_trial","5","restaurant_scheme","schematic_sequence","","","","",""
"","","","","","html-keyboard-response","69","208958","0.0-69.0","E55A9614FCB74F67BD0BC91F01BD4C2A","019cf795-33c7-7c68-a196-01eacf087397","019cf78c-cfcf-769c-9016-9b96552b5e33","","null","
                <div class=""stimulus-container"">
                    <img src=""images/schematic_sequence/restaurant_scheme/restaurant_scheme_6.png"" class=""exp-image"">
                    <div class=""question-area""></div> 
                </div>","null","","","","","","","","",""
"","","","","","html-button-response","70","209628","0.0-70.0","E55A9614FCB74F67BD0BC91F01BD4C2A","019cf795-33c7-7c68-a196-01eacf087397","019cf78c-cfcf-769c-9016-9b96552b5e33","","669","
                <div class=""stimulus-container"">
                    <img src=""images/schematic_sequence/restaurant_scheme/restaurant_scheme_6.png"" class=""exp-image"">
                    <div class=""question-area"">
                        <p style=""font-size: 20px; font-weight: bold; margin: 0;"">Is there a person in this image?</p>
                    </div>
                </div>","1","main_experiment_trial","6","restaurant_scheme","schematic_sequence","","","","",""
"","","","","","html-keyboard-response","71","214630","0.0-71.0","E55A9614FCB74F67BD0BC91F01BD4C2A","019cf795-33c7-7c68-a196-01eacf087397","019cf78c-cfcf-769c-9016-9b96552b5e33","","null","
                <div class=""stimulus-container"">
                    <img src=""images/schematic_sequence/restaurant_scheme/restaurant_scheme_7.png"" class=""exp-image"">
                    <div class=""question-area""></div> 
                </div>","null","","","","","","","","",""
"","","","","","html-button-response","72","215272","0.0-72.0","E55A9614FCB74F67BD0BC91F01BD4C2A","019cf795-33c7-7c68-a196-01eacf087397","019cf78c-cfcf-769c-9016-9b96552b5e33","","641","
                <div class=""stimulus-container"">
                    <img src=""images/schematic_sequence/restaurant_scheme/restaurant_scheme_7.png"" class=""exp-image"">
                    <div class=""question-area"">
                        <p style=""font-size: 20px; font-weight: bold; margin: 0;"">Is there a person in this image?</p>
                    </div>
                </div>","1","main_experiment_trial","7","restaurant_scheme","schematic_sequence","","","","",""
"","","","","","html-keyboard-response","73","220274","0.0-73.0","E55A9614FCB74F67BD0BC91F01BD4C2A","019cf795-33c7-7c68-a196-01eacf087397","019cf78c-cfcf-769c-9016-9b96552b5e33","","null","
                <div class=""stimulus-container"">
                    <img src=""images/schematic_sequence/restaurant_scheme/restaurant_scheme_8.png"" class=""exp-image"">
                    <div class=""question-area""></div> 
                </div>","null","","","","","","","","",""
"","","","","","html-button-response","74","220762","0.0-74.0","E55A9614FCB74F67BD0BC91F01BD4C2A","019cf795-33c7-7c68-a196-01eacf087397","019cf78c-cfcf-769c-9016-9b96552b5e33","","487","
                <div class=""stimulus-container"">
                    <img src=""images/schematic_sequence/restaurant_scheme/restaurant_scheme_8.png"" class=""exp-image"">
                    <div class=""question-area"">
                        <p style=""font-size: 20px; font-weight: bold; margin: 0;"">Is there a person in this image?</p>
                    </div>
                </div>","1","main_experiment_trial","8","restaurant_scheme","schematic_sequence","","","","",""
"","","","","","html-keyboard-response","75","225771","0.0-75.0","E55A9614FCB74F67BD0BC91F01BD4C2A","019cf795-33c7-7c68-a196-01eacf087397","019cf78c-cfcf-769c-9016-9b96552b5e33","","null","
                <div class=""stimulus-container"">
                    <img src=""images/schematic_sequence/restaurant_scheme/restaurant_scheme_9.png"" class=""exp-image"">
                    <div class=""question-area""></div> 
                </div>","null","","","","","","","","",""
"","","","","","html-button-response","76","226380","0.0-76.0","E55A9614FCB74F67BD0BC91F01BD4C2A","019cf795-33c7-7c68-a196-01eacf087397","019cf78c-cfcf-769c-9016-9b96552b5e33","","608","
                <div class=""stimulus-container"">
                    <img src=""images/schematic_sequence/restaurant_scheme/restaurant_scheme_9.png"" class=""exp-image"">
                    <div class=""question-area"">
                        <p style=""font-size: 20px; font-weight: bold; margin: 0;"">Is there a person in this image?</p>
                    </div>
                </div>","0","main_experiment_trial","9","restaurant_scheme","schematic_sequence","","","","",""
"","","","","","html-keyboard-response","77","231382","0.0-77.0","E55A9614FCB74F67BD0BC91F01BD4C2A","019cf795-33c7-7c68-a196-01eacf087397","019cf78c-cfcf-769c-9016-9b96552b5e33","","null","
                <div class=""stimulus-container"">
                    <img src=""images/schematic_sequence/restaurant_scheme/restaurant_scheme_ten.png"" class=""exp-image"">
                    <div class=""question-area""></div> 
                </div>","null","","","","","","","","",""
"","","","","","html-button-response","78","231968","0.0-78.0","E55A9614FCB74F67BD0BC91F01BD4C2A","019cf795-33c7-7c68-a196-01eacf087397","019cf78c-cfcf-769c-9016-9b96552b5e33","","585","
                <div class=""stimulus-container"">
                    <img src=""images/schematic_sequence/restaurant_scheme/restaurant_scheme_ten.png"" class=""exp-image"">
                    <div class=""question-area"">
                        <p style=""font-size: 20px; font-weight: bold; margin: 0;"">Is there a person in this image?</p>
                    </div>
                </div>","0","main_experiment_trial","ten","restaurant_scheme","schematic_sequence","","","","",""
"","","","","","html-keyboard-response","79","232969","0.0-79.0","E55A9614FCB74F67BD0BC91F01BD4C2A","019cf795-33c7-7c68-a196-01eacf087397","019cf78c-cfcf-769c-9016-9b96552b5e33","","null","<div style=""background-color: white; width: 100vw; height: 100vh;""></div>","null","","","","","","","","",""
"","","","","","html-keyboard-response","80","237973","0.0-80.0","E55A9614FCB74F67BD0BC91F01BD4C2A","019cf795-33c7-7c68-a196-01eacf087397","019cf78c-cfcf-769c-9016-9b96552b5e33","","null","
                <div class=""stimulus-container"">
                    <img src=""images/semantic_sequence/kitchen_operations_semantic/kitchen_operations_semantic_1.png"" class=""exp-image"">
                    <div class=""question-area""></div> 
                </div>","null","","","","","","","","",""
"","","","","","html-button-response","81","238504","0.0-81.0","E55A9614FCB74F67BD0BC91F01BD4C2A","019cf795-33c7-7c68-a196-01eacf087397","019cf78c-cfcf-769c-9016-9b96552b5e33","","530","
                <div class=""stimulus-container"">
                    <img src=""images/semantic_sequence/kitchen_operations_semantic/kitchen_operations_semantic_1.png"" class=""exp-image"">
                    <div class=""question-area"">
                        <p style=""font-size: 20px; font-weight: bold; margin: 0;"">Is there a person in this image?</p>
                    </div>
                </div>","0","main_experiment_trial","1","kitchen_operations_semantic","semantic_sequence","","","","",""
"","","","","","html-keyboard-response","82","243510","0.0-82.0","E55A9614FCB74F67BD0BC91F01BD4C2A","019cf795-33c7-7c68-a196-01eacf087397","019cf78c-cfcf-769c-9016-9b96552b5e33","","null","
                <div class=""stimulus-container"">
                    <img src=""images/semantic_sequence/kitchen_operations_semantic/kitchen_operations_semantic_2.png"" class=""exp-image"">
                    <div class=""question-area""></div> 
                </div>","null","","","","","","","","",""
"","","","","","html-button-response","83","244034","0.0-83.0","E55A9614FCB74F67BD0BC91F01BD4C2A","019cf795-33c7-7c68-a196-01eacf087397","019cf78c-cfcf-769c-9016-9b96552b5e33","","523","
                <div class=""stimulus-container"">
                    <img src=""images/semantic_sequence/kitchen_operations_semantic/kitchen_operations_semantic_2.png"" class=""exp-image"">
                    <div class=""question-area"">
                        <p style=""font-size: 20px; font-weight: bold; margin: 0;"">Is there a person in this image?</p>
                    </div>
                </div>","0","main_experiment_trial","2","kitchen_operations_semantic","semantic_sequence","","","","",""
"","","","","","html-keyboard-response","84","249040","0.0-84.0","E55A9614FCB74F67BD0BC91F01BD4C2A","019cf795-33c7-7c68-a196-01eacf087397","019cf78c-cfcf-769c-9016-9b96552b5e33","","null","
                <div class=""stimulus-container"">
                    <img src=""images/semantic_sequence/kitchen_operations_semantic/kitchen_operations_semantic_3.png"" class=""exp-image"">
                    <div class=""question-area""></div> 
                </div>","null","","","","","","","","",""
"","","","","","html-button-response","85","250100","0.0-85.0","E55A9614FCB74F67BD0BC91F01BD4C2A","019cf795-33c7-7c68-a196-01eacf087397","019cf78c-cfcf-769c-9016-9b96552b5e33","","1059","
                <div class=""stimulus-container"">
                    <img src=""images/semantic_sequence/kitchen_operations_semantic/kitchen_operations_semantic_3.png"" class=""exp-image"">
                    <div class=""question-area"">
                        <p style=""font-size: 20px; font-weight: bold; margin: 0;"">Is there a person in this image?</p>
                    </div>
                </div>","0","main_experiment_trial","3","kitchen_operations_semantic","semantic_sequence","","","","",""
"","","","","","html-keyboard-response","86","255110","0.0-86.0","E55A9614FCB74F67BD0BC91F01BD4C2A","019cf795-33c7-7c68-a196-01eacf087397","019cf78c-cfcf-769c-9016-9b96552b5e33","","null","
                <div class=""stimulus-container"">
                    <img src=""images/semantic_sequence/kitchen_operations_semantic/kitchen_operations_semantic_4.png"" class=""exp-image"">
                    <div class=""question-area""></div> 
                </div>","null","","","","","","","","",""
"","","","","","html-button-response","87","255889","0.0-87.0","E55A9614FCB74F67BD0BC91F01BD4C2A","019cf795-33c7-7c68-a196-01eacf087397","019cf78c-cfcf-769c-9016-9b96552b5e33","","779","
                <div class=""stimulus-container"">
                    <img src=""images/semantic_sequence/kitchen_operations_semantic/kitchen_operations_semantic_4.png"" class=""exp-image"">
                    <div class=""question-area"">
                        <p style=""font-size: 20px; font-weight: bold; margin: 0;"">Is there a person in this image?</p>
                    </div>
                </div>","0","main_experiment_trial","4","kitchen_operations_semantic","semantic_sequence","","","","",""
"","","","","","html-keyboard-response","88","260894","0.0-88.0","E55A9614FCB74F67BD0BC91F01BD4C2A","019cf795-33c7-7c68-a196-01eacf087397","019cf78c-cfcf-769c-9016-9b96552b5e33","","null","
                <div class=""stimulus-container"">
                    <img src=""images/semantic_sequence/kitchen_operations_semantic/kitchen_operations_semantic_5.png"" class=""exp-image"">
                    <div class=""question-area""></div> 
                </div>","null","","","","","","","","",""
"","","","","","html-button-response","89","261623","0.0-89.0","E55A9614FCB74F67BD0BC91F01BD4C2A","019cf795-33c7-7c68-a196-01eacf087397","019cf78c-cfcf-769c-9016-9b96552b5e33","","729","
                <div class=""stimulus-container"">
                    <img src=""images/semantic_sequence/kitchen_operations_semantic/kitchen_operations_semantic_5.png"" class=""exp-image"">
                    <div class=""question-area"">
                        <p style=""font-size: 20px; font-weight: bold; margin: 0;"">Is there a person in this image?</p>
                    </div>
                </div>","0","main_experiment_trial","5","kitchen_operations_semantic","semantic_sequence","","","","",""
"","","","","","html-keyboard-response","90","266630","0.0-90.0","E55A9614FCB74F67BD0BC91F01BD4C2A","019cf795-33c7-7c68-a196-01eacf087397","019cf78c-cfcf-769c-9016-9b96552b5e33","","null","
                <div class=""stimulus-container"">
                    <img src=""images/semantic_sequence/kitchen_operations_semantic/kitchen_operations_semantic_6.png"" class=""exp-image"">
                    <div class=""question-area""></div> 
                </div>","null","","","","","","","","",""
"","","","","","html-button-response","91","267148","0.0-91.0","E55A9614FCB74F67BD0BC91F01BD4C2A","019cf795-33c7-7c68-a196-01eacf087397","019cf78c-cfcf-769c-9016-9b96552b5e33","","518","
                <div class=""stimulus-container"">
                    <img src=""images/semantic_sequence/kitchen_operations_semantic/kitchen_operations_semantic_6.png"" class=""exp-image"">
                    <div class=""question-area"">
                        <p style=""font-size: 20px; font-weight: bold; margin: 0;"">Is there a person in this image?</p>
                    </div>
                </div>","0","main_experiment_trial","6","kitchen_operations_semantic","semantic_sequence","","","","",""
"","","","","","html-keyboard-response","92","272154","0.0-92.0","E55A9614FCB74F67BD0BC91F01BD4C2A","019cf795-33c7-7c68-a196-01eacf087397","019cf78c-cfcf-769c-9016-9b96552b5e33","","null","
                <div class=""stimulus-container"">
                    <img src=""images/semantic_sequence/kitchen_operations_semantic/kitchen_operations_semantic_7.png"" class=""exp-image"">
                    <div class=""question-area""></div> 
                </div>","null","","","","","","","","",""
"","","","","","html-button-response","93","272986","0.0-93.0","E55A9614FCB74F67BD0BC91F01BD4C2A","019cf795-33c7-7c68-a196-01eacf087397","019cf78c-cfcf-769c-9016-9b96552b5e33","","830","
                <div class=""stimulus-container"">
                    <img src=""images/semantic_sequence/kitchen_operations_semantic/kitchen_operations_semantic_7.png"" class=""exp-image"">
                    <div class=""question-area"">
                        <p style=""font-size: 20px; font-weight: bold; margin: 0;"">Is there a person in this image?</p>
                    </div>
                </div>","0","main_experiment_trial","7","kitchen_operations_semantic","semantic_sequence","","","","",""
"","","","","","html-keyboard-response","94","277992","0.0-94.0","E55A9614FCB74F67BD0BC91F01BD4C2A","019cf795-33c7-7c68-a196-01eacf087397","019cf78c-cfcf-769c-9016-9b96552b5e33","","null","
                <div class=""stimulus-container"">
                    <img src=""images/semantic_sequence/kitchen_operations_semantic/kitchen_operations_semantic_8.png"" class=""exp-image"">
                    <div class=""question-area""></div> 
                </div>","null","","","","","","","","",""
"","","","","","html-button-response","95","278858","0.0-95.0","E55A9614FCB74F67BD0BC91F01BD4C2A","019cf795-33c7-7c68-a196-01eacf087397","019cf78c-cfcf-769c-9016-9b96552b5e33","","866","
                <div class=""stimulus-container"">
                    <img src=""images/semantic_sequence/kitchen_operations_semantic/kitchen_operations_semantic_8.png"" class=""exp-image"">
                    <div class=""question-area"">
                        <p style=""font-size: 20px; font-weight: bold; margin: 0;"">Is there a person in this image?</p>
                    </div>
                </div>","0","main_experiment_trial","8","kitchen_operations_semantic","semantic_sequence","","","","",""
"","","","","","html-keyboard-response","96","283868","0.0-96.0","E55A9614FCB74F67BD0BC91F01BD4C2A","019cf795-33c7-7c68-a196-01eacf087397","019cf78c-cfcf-769c-9016-9b96552b5e33","","null","
                <div class=""stimulus-container"">
                    <img src=""images/semantic_sequence/kitchen_operations_semantic/kitchen_operations_semantic_9.png"" class=""exp-image"">
                    <div class=""question-area""></div> 
                </div>","null","","","","","","","","",""
"","","","","","html-button-response","97","285061","0.0-97.0","E55A9614FCB74F67BD0BC91F01BD4C2A","019cf795-33c7-7c68-a196-01eacf087397","019cf78c-cfcf-769c-9016-9b96552b5e33","","1192","
                <div class=""stimulus-container"">
                    <img src=""images/semantic_sequence/kitchen_operations_semantic/kitchen_operations_semantic_9.png"" class=""exp-image"">
                    <div class=""question-area"">
                        <p style=""font-size: 20px; font-weight: bold; margin: 0;"">Is there a person in this image?</p>
                    </div>
                </div>","0","main_experiment_trial","9","kitchen_operations_semantic","semantic_sequence","","","","",""
"","","","","","html-keyboard-response","98","290064","0.0-98.0","E55A9614FCB74F67BD0BC91F01BD4C2A","019cf795-33c7-7c68-a196-01eacf087397","019cf78c-cfcf-769c-9016-9b96552b5e33","","null","
                <div class=""stimulus-container"">
                    <img src=""images/semantic_sequence/kitchen_operations_semantic/kitchen_operations_semantic_ten.png"" class=""exp-image"">
                    <div class=""question-area""></div> 
                </div>","null","","","","","","","","",""
"","","","","","html-button-response","99","290924","0.0-99.0","E55A9614FCB74F67BD0BC91F01BD4C2A","019cf795-33c7-7c68-a196-01eacf087397","019cf78c-cfcf-769c-9016-9b96552b5e33","","859","
                <div class=""stimulus-container"">
                    <img src=""images/semantic_sequence/kitchen_operations_semantic/kitchen_operations_semantic_ten.png"" class=""exp-image"">
                    <div class=""question-area"">
                        <p style=""font-size: 20px; font-weight: bold; margin: 0;"">Is there a person in this image?</p>
                    </div>
                </div>","0","main_experiment_trial","ten","kitchen_operations_semantic","semantic_sequence","","","","",""
"","","","","","html-keyboard-response","100","291925","0.0-100.0","E55A9614FCB74F67BD0BC91F01BD4C2A","019cf795-33c7-7c68-a196-01eacf087397","019cf78c-cfcf-769c-9016-9b96552b5e33","","null","<div style=""background-color: white; width: 100vw; height: 100vh;""></div>","null","","","","","","","","",""
"","","","","","html-keyboard-response","101","296933","0.0-101.0","E55A9614FCB74F67BD0BC91F01BD4C2A","019cf795-33c7-7c68-a196-01eacf087397","019cf78c-cfcf-769c-9016-9b96552b5e33","","null","
                <div class=""stimulus-container"">
                    <img src=""images/schematic_sequence/interview_scheme/interview_scheme_1.png"" class=""exp-image"">
                    <div class=""question-area""></div> 
                </div>","null","","","","","","","","",""
"","","","","","html-button-response","102","297630","0.0-102.0","E55A9614FCB74F67BD0BC91F01BD4C2A","019cf795-33c7-7c68-a196-01eacf087397","019cf78c-cfcf-769c-9016-9b96552b5e33","","697","
                <div class=""stimulus-container"">
                    <img src=""images/schematic_sequence/interview_scheme/interview_scheme_1.png"" class=""exp-image"">
                    <div class=""question-area"">
                        <p style=""font-size: 20px; font-weight: bold; margin: 0;"">Is there a person in this image?</p>
                    </div>
                </div>","1","main_experiment_trial","1","interview_scheme","schematic_sequence","","","","",""
"","","","","","html-keyboard-response","103","302636","0.0-103.0","E55A9614FCB74F67BD0BC91F01BD4C2A","019cf795-33c7-7c68-a196-01eacf087397","019cf78c-cfcf-769c-9016-9b96552b5e33","","null","
                <div class=""stimulus-container"">
                    <img src=""images/schematic_sequence/interview_scheme/interview_scheme_2.png"" class=""exp-image"">
                    <div class=""question-area""></div> 
                </div>","null","","","","","","","","",""
"","","","","","html-button-response","104","303421","0.0-104.0","E55A9614FCB74F67BD0BC91F01BD4C2A","019cf795-33c7-7c68-a196-01eacf087397","019cf78c-cfcf-769c-9016-9b96552b5e33","","784","
                <div class=""stimulus-container"">
                    <img src=""images/schematic_sequence/interview_scheme/interview_scheme_2.png"" class=""exp-image"">
                    <div class=""question-area"">
                        <p style=""font-size: 20px; font-weight: bold; margin: 0;"">Is there a person in this image?</p>
                    </div>
                </div>","1","main_experiment_trial","2","interview_scheme","schematic_sequence","","","","",""
"","","","","","html-keyboard-response","105","308431","0.0-105.0","E55A9614FCB74F67BD0BC91F01BD4C2A","019cf795-33c7-7c68-a196-01eacf087397","019cf78c-cfcf-769c-9016-9b96552b5e33","","null","
                <div class=""stimulus-container"">
                    <img src=""images/schematic_sequence/interview_scheme/interview_scheme_3.png"" class=""exp-image"">
                    <div class=""question-area""></div> 
                </div>","null","","","","","","","","",""
"","","","","","html-button-response","106","311434","0.0-106.0","E55A9614FCB74F67BD0BC91F01BD4C2A","019cf795-33c7-7c68-a196-01eacf087397","019cf78c-cfcf-769c-9016-9b96552b5e33","","null","
                <div class=""stimulus-container"">
                    <img src=""images/schematic_sequence/interview_scheme/interview_scheme_3.png"" class=""exp-image"">
                    <div class=""question-area"">
                        <p style=""font-size: 20px; font-weight: bold; margin: 0;"">Is there a person in this image?</p>
                    </div>
                </div>","null","main_experiment_trial","3","interview_scheme","schematic_sequence","","","","",""
"","","","","","html-keyboard-response","107","316439","0.0-107.0","E55A9614FCB74F67BD0BC91F01BD4C2A","019cf795-33c7-7c68-a196-01eacf087397","019cf78c-cfcf-769c-9016-9b96552b5e33","","null","
                <div class=""stimulus-container"">
                    <img src=""images/schematic_sequence/interview_scheme/interview_scheme_4.png"" class=""exp-image"">
                    <div class=""question-area""></div> 
                </div>","null","","","","","","","","",""
"","","","","","html-button-response","108","319441","0.0-108.0","E55A9614FCB74F67BD0BC91F01BD4C2A","019cf795-33c7-7c68-a196-01eacf087397","019cf78c-cfcf-769c-9016-9b96552b5e33","","null","
                <div class=""stimulus-container"">
                    <img src=""images/schematic_sequence/interview_scheme/interview_scheme_4.png"" class=""exp-image"">
                    <div class=""question-area"">
                        <p style=""font-size: 20px; font-weight: bold; margin: 0;"">Is there a person in this image?</p>
                    </div>
                </div>","null","main_experiment_trial","4","interview_scheme","schematic_sequence","","","","",""
"","","","","","html-keyboard-response","109","324445","0.0-109.0","E55A9614FCB74F67BD0BC91F01BD4C2A","019cf795-33c7-7c68-a196-01eacf087397","019cf78c-cfcf-769c-9016-9b96552b5e33","","null","
                <div class=""stimulus-container"">
                    <img src=""images/schematic_sequence/interview_scheme/interview_scheme_5.png"" class=""exp-image"">
                    <div class=""question-area""></div> 
                </div>","null","","","","","","","","",""
"","","","","","html-button-response","110","325559","0.0-110.0","E55A9614FCB74F67BD0BC91F01BD4C2A","019cf795-33c7-7c68-a196-01eacf087397","019cf78c-cfcf-769c-9016-9b96552b5e33","","1113","
                <div class=""stimulus-container"">
                    <img src=""images/schematic_sequence/interview_scheme/interview_scheme_5.png"" class=""exp-image"">
                    <div class=""question-area"">
                        <p style=""font-size: 20px; font-weight: bold; margin: 0;"">Is there a person in this image?</p>
                    </div>
                </div>","0","main_experiment_trial","5","interview_scheme","schematic_sequence","","","","",""
"","","","","","html-keyboard-response","111","330567","0.0-111.0","E55A9614FCB74F67BD0BC91F01BD4C2A","019cf795-33c7-7c68-a196-01eacf087397","019cf78c-cfcf-769c-9016-9b96552b5e33","","null","
                <div class=""stimulus-container"">
                    <img src=""images/schematic_sequence/interview_scheme/interview_scheme_6.png"" class=""exp-image"">
                    <div class=""question-area""></div> 
                </div>","null","","","","","","","","",""
"","","","","","html-button-response","112","331203","0.0-112.0","E55A9614FCB74F67BD0BC91F01BD4C2A","019cf795-33c7-7c68-a196-01eacf087397","019cf78c-cfcf-769c-9016-9b96552b5e33","","636","
                <div class=""stimulus-container"">
                    <img src=""images/schematic_sequence/interview_scheme/interview_scheme_6.png"" class=""exp-image"">
                    <div class=""question-area"">
                        <p style=""font-size: 20px; font-weight: bold; margin: 0;"">Is there a person in this image?</p>
                    </div>
                </div>","0","main_experiment_trial","6","interview_scheme","schematic_sequence","","","","",""
"","","","","","html-keyboard-response","113","336209","0.0-113.0","E55A9614FCB74F67BD0BC91F01BD4C2A","019cf795-33c7-7c68-a196-01eacf087397","019cf78c-cfcf-769c-9016-9b96552b5e33","","null","
                <div class=""stimulus-container"">
                    <img src=""images/schematic_sequence/interview_scheme/interview_scheme_7.png"" class=""exp-image"">
                    <div class=""question-area""></div> 
                </div>","null","","","","","","","","",""
"","","","","","html-button-response","114","336732","0.0-114.0","E55A9614FCB74F67BD0BC91F01BD4C2A","019cf795-33c7-7c68-a196-01eacf087397","019cf78c-cfcf-769c-9016-9b96552b5e33","","522","
                <div class=""stimulus-container"">
                    <img src=""images/schematic_sequence/interview_scheme/interview_scheme_7.png"" class=""exp-image"">
                    <div class=""question-area"">
                        <p style=""font-size: 20px; font-weight: bold; margin: 0;"">Is there a person in this image?</p>
                    </div>
                </div>","0","main_experiment_trial","7","interview_scheme","schematic_sequence","","","","",""
"","","","","","html-keyboard-response","115","341738","0.0-115.0","E55A9614FCB74F67BD0BC91F01BD4C2A","019cf795-33c7-7c68-a196-01eacf087397","019cf78c-cfcf-769c-9016-9b96552b5e33","","null","
                <div class=""stimulus-container"">
                    <img src=""images/schematic_sequence/interview_scheme/interview_scheme_8.png"" class=""exp-image"">
                    <div class=""question-area""></div> 
                </div>","null","","","","","","","","",""
"","","","","","html-button-response","116","342285","0.0-116.0","E55A9614FCB74F67BD0BC91F01BD4C2A","019cf795-33c7-7c68-a196-01eacf087397","019cf78c-cfcf-769c-9016-9b96552b5e33","","546","
                <div class=""stimulus-container"">
                    <img src=""images/schematic_sequence/interview_scheme/interview_scheme_8.png"" class=""exp-image"">
                    <div class=""question-area"">
                        <p style=""font-size: 20px; font-weight: bold; margin: 0;"">Is there a person in this image?</p>
                    </div>
                </div>","0","main_experiment_trial","8","interview_scheme","schematic_sequence","","","","",""
"","","","","","html-keyboard-response","117","347292","0.0-117.0","E55A9614FCB74F67BD0BC91F01BD4C2A","019cf795-33c7-7c68-a196-01eacf087397","019cf78c-cfcf-769c-9016-9b96552b5e33","","null","
                <div class=""stimulus-container"">
                    <img src=""images/schematic_sequence/interview_scheme/interview_scheme_9.png"" class=""exp-image"">
                    <div class=""question-area""></div> 
                </div>","null","","","","","","","","",""
"","","","","","html-button-response","118","347755","0.0-118.0","E55A9614FCB74F67BD0BC91F01BD4C2A","019cf795-33c7-7c68-a196-01eacf087397","019cf78c-cfcf-769c-9016-9b96552b5e33","","462","
                <div class=""stimulus-container"">
                    <img src=""images/schematic_sequence/interview_scheme/interview_scheme_9.png"" class=""exp-image"">
                    <div class=""question-area"">
                        <p style=""font-size: 20px; font-weight: bold; margin: 0;"">Is there a person in this image?</p>
                    </div>
                </div>","0","main_experiment_trial","9","interview_scheme","schematic_sequence","","","","",""
"","","","","","html-keyboard-response","119","352759","0.0-119.0","E55A9614FCB74F67BD0BC91F01BD4C2A","019cf795-33c7-7c68-a196-01eacf087397","019cf78c-cfcf-769c-9016-9b96552b5e33","","null","
                <div class=""stimulus-container"">
                    <img src=""images/schematic_sequence/interview_scheme/interview_scheme_ten.png"" class=""exp-image"">
                    <div class=""question-area""></div> 
                </div>","null","","","","","","","","",""
"","","","","","html-button-response","120","353191","0.0-120.0","E55A9614FCB74F67BD0BC91F01BD4C2A","019cf795-33c7-7c68-a196-01eacf087397","019cf78c-cfcf-769c-9016-9b96552b5e33","","432","
                <div class=""stimulus-container"">
                    <img src=""images/schematic_sequence/interview_scheme/interview_scheme_ten.png"" class=""exp-image"">
                    <div class=""question-area"">
                        <p style=""font-size: 20px; font-weight: bold; margin: 0;"">Is there a person in this image?</p>
                    </div>
                </div>","0","main_experiment_trial","ten","interview_scheme","schematic_sequence","","","","",""
"","","","","","html-keyboard-response","121","354193","0.0-121.0","E55A9614FCB74F67BD0BC91F01BD4C2A","019cf795-33c7-7c68-a196-01eacf087397","019cf78c-cfcf-769c-9016-9b96552b5e33","","null","<div style=""background-color: white; width: 100vw; height: 100vh;""></div>","null","","","","","","","","",""
"","","","","","html-keyboard-response","122","359204","0.0-122.0","E55A9614FCB74F67BD0BC91F01BD4C2A","019cf795-33c7-7c68-a196-01eacf087397","019cf78c-cfcf-769c-9016-9b96552b5e33","","null","
                <div class=""stimulus-container"">
                    <img src=""images/schematic_sequence/supermarket_scheme/supermarket_scheme_1.png"" class=""exp-image"">
                    <div class=""question-area""></div> 
                </div>","null","","","","","","","","",""
"","","","","","html-button-response","123","359745","0.0-123.0","E55A9614FCB74F67BD0BC91F01BD4C2A","019cf795-33c7-7c68-a196-01eacf087397","019cf78c-cfcf-769c-9016-9b96552b5e33","","540","
                <div class=""stimulus-container"">
                    <img src=""images/schematic_sequence/supermarket_scheme/supermarket_scheme_1.png"" class=""exp-image"">
                    <div class=""question-area"">
                        <p style=""font-size: 20px; font-weight: bold; margin: 0;"">Is there a person in this image?</p>
                    </div>
                </div>","1","main_experiment_trial","1","supermarket_scheme","schematic_sequence","","","","",""
"","","","","","html-keyboard-response","124","364756","0.0-124.0","E55A9614FCB74F67BD0BC91F01BD4C2A","019cf795-33c7-7c68-a196-01eacf087397","019cf78c-cfcf-769c-9016-9b96552b5e33","","null","
                <div class=""stimulus-container"">
                    <img src=""images/schematic_sequence/supermarket_scheme/supermarket_scheme_2.png"" class=""exp-image"">
                    <div class=""question-area""></div> 
                </div>","null","","","","","","","","",""
"","","","","","html-button-response","125","365284","0.0-125.0","E55A9614FCB74F67BD0BC91F01BD4C2A","019cf795-33c7-7c68-a196-01eacf087397","019cf78c-cfcf-769c-9016-9b96552b5e33","","528","
                <div class=""stimulus-container"">
                    <img src=""images/schematic_sequence/supermarket_scheme/supermarket_scheme_2.png"" class=""exp-image"">
                    <div class=""question-area"">
                        <p style=""font-size: 20px; font-weight: bold; margin: 0;"">Is there a person in this image?</p>
                    </div>
                </div>","1","main_experiment_trial","2","supermarket_scheme","schematic_sequence","","","","",""
"","","","","","html-keyboard-response","126","370294","0.0-126.0","E55A9614FCB74F67BD0BC91F01BD4C2A","019cf795-33c7-7c68-a196-01eacf087397","019cf78c-cfcf-769c-9016-9b96552b5e33","","null","
                <div class=""stimulus-container"">
                    <img src=""images/schematic_sequence/supermarket_scheme/supermarket_scheme_3.png"" class=""exp-image"">
                    <div class=""question-area""></div> 
                </div>","null","","","","","","","","",""
"","","","","","html-button-response","127","370758","0.0-127.0","E55A9614FCB74F67BD0BC91F01BD4C2A","019cf795-33c7-7c68-a196-01eacf087397","019cf78c-cfcf-769c-9016-9b96552b5e33","","463","
                <div class=""stimulus-container"">
                    <img src=""images/schematic_sequence/supermarket_scheme/supermarket_scheme_3.png"" class=""exp-image"">
                    <div class=""question-area"">
                        <p style=""font-size: 20px; font-weight: bold; margin: 0;"">Is there a person in this image?</p>
                    </div>
                </div>","1","main_experiment_trial","3","supermarket_scheme","schematic_sequence","","","","",""
"","","","","","html-keyboard-response","128","375768","0.0-128.0","E55A9614FCB74F67BD0BC91F01BD4C2A","019cf795-33c7-7c68-a196-01eacf087397","019cf78c-cfcf-769c-9016-9b96552b5e33","","null","
                <div class=""stimulus-container"">
                    <img src=""images/schematic_sequence/supermarket_scheme/supermarket_scheme_4.png"" class=""exp-image"">
                    <div class=""question-area""></div> 
                </div>","null","","","","","","","","",""
"","","","","","html-button-response","129","376227","0.0-129.0","E55A9614FCB74F67BD0BC91F01BD4C2A","019cf795-33c7-7c68-a196-01eacf087397","019cf78c-cfcf-769c-9016-9b96552b5e33","","458","
                <div class=""stimulus-container"">
                    <img src=""images/schematic_sequence/supermarket_scheme/supermarket_scheme_4.png"" class=""exp-image"">
                    <div class=""question-area"">
                        <p style=""font-size: 20px; font-weight: bold; margin: 0;"">Is there a person in this image?</p>
                    </div>
                </div>","0","main_experiment_trial","4","supermarket_scheme","schematic_sequence","","","","",""
"","","","","","html-keyboard-response","130","381231","0.0-130.0","E55A9614FCB74F67BD0BC91F01BD4C2A","019cf795-33c7-7c68-a196-01eacf087397","019cf78c-cfcf-769c-9016-9b96552b5e33","","null","
                <div class=""stimulus-container"">
                    <img src=""images/schematic_sequence/supermarket_scheme/supermarket_scheme_5.png"" class=""exp-image"">
                    <div class=""question-area""></div> 
                </div>","null","","","","","","","","",""
"","","","","","html-button-response","131","381831","0.0-131.0","E55A9614FCB74F67BD0BC91F01BD4C2A","019cf795-33c7-7c68-a196-01eacf087397","019cf78c-cfcf-769c-9016-9b96552b5e33","","599","
                <div class=""stimulus-container"">
                    <img src=""images/schematic_sequence/supermarket_scheme/supermarket_scheme_5.png"" class=""exp-image"">
                    <div class=""question-area"">
                        <p style=""font-size: 20px; font-weight: bold; margin: 0;"">Is there a person in this image?</p>
                    </div>
                </div>","1","main_experiment_trial","5","supermarket_scheme","schematic_sequence","","","","",""
"","","","","","html-keyboard-response","132","386840","0.0-132.0","E55A9614FCB74F67BD0BC91F01BD4C2A","019cf795-33c7-7c68-a196-01eacf087397","019cf78c-cfcf-769c-9016-9b96552b5e33","","null","
                <div class=""stimulus-container"">
                    <img src=""images/schematic_sequence/supermarket_scheme/supermarket_scheme_6.png"" class=""exp-image"">
                    <div class=""question-area""></div> 
                </div>","null","","","","","","","","",""
"","","","","","html-button-response","133","387326","0.0-133.0","E55A9614FCB74F67BD0BC91F01BD4C2A","019cf795-33c7-7c68-a196-01eacf087397","019cf78c-cfcf-769c-9016-9b96552b5e33","","484","
                <div class=""stimulus-container"">
                    <img src=""images/schematic_sequence/supermarket_scheme/supermarket_scheme_6.png"" class=""exp-image"">
                    <div class=""question-area"">
                        <p style=""font-size: 20px; font-weight: bold; margin: 0;"">Is there a person in this image?</p>
                    </div>
                </div>","0","main_experiment_trial","6","supermarket_scheme","schematic_sequence","","","","",""
"","","","","","html-keyboard-response","134","392336","0.0-134.0","E55A9614FCB74F67BD0BC91F01BD4C2A","019cf795-33c7-7c68-a196-01eacf087397","019cf78c-cfcf-769c-9016-9b96552b5e33","","null","
                <div class=""stimulus-container"">
                    <img src=""images/schematic_sequence/supermarket_scheme/supermarket_scheme_7.png"" class=""exp-image"">
                    <div class=""question-area""></div> 
                </div>","null","","","","","","","","",""
"","","","","","html-button-response","135","392951","0.0-135.0","E55A9614FCB74F67BD0BC91F01BD4C2A","019cf795-33c7-7c68-a196-01eacf087397","019cf78c-cfcf-769c-9016-9b96552b5e33","","615","
                <div class=""stimulus-container"">
                    <img src=""images/schematic_sequence/supermarket_scheme/supermarket_scheme_7.png"" class=""exp-image"">
                    <div class=""question-area"">
                        <p style=""font-size: 20px; font-weight: bold; margin: 0;"">Is there a person in this image?</p>
                    </div>
                </div>","0","main_experiment_trial","7","supermarket_scheme","schematic_sequence","","","","",""
"","","","","","html-keyboard-response","136","397954","0.0-136.0","E55A9614FCB74F67BD0BC91F01BD4C2A","019cf795-33c7-7c68-a196-01eacf087397","019cf78c-cfcf-769c-9016-9b96552b5e33","","null","
                <div class=""stimulus-container"">
                    <img src=""images/schematic_sequence/supermarket_scheme/supermarket_scheme_8.png"" class=""exp-image"">
                    <div class=""question-area""></div> 
                </div>","null","","","","","","","","",""
"","","","","","html-button-response","137","398445","0.0-137.0","E55A9614FCB74F67BD0BC91F01BD4C2A","019cf795-33c7-7c68-a196-01eacf087397","019cf78c-cfcf-769c-9016-9b96552b5e33","","490","
                <div class=""stimulus-container"">
                    <img src=""images/schematic_sequence/supermarket_scheme/supermarket_scheme_8.png"" class=""exp-image"">
                    <div class=""question-area"">
                        <p style=""font-size: 20px; font-weight: bold; margin: 0;"">Is there a person in this image?</p>
                    </div>
                </div>","0","main_experiment_trial","8","supermarket_scheme","schematic_sequence","","","","",""
"","","","","","html-keyboard-response","138","403451","0.0-138.0","E55A9614FCB74F67BD0BC91F01BD4C2A","019cf795-33c7-7c68-a196-01eacf087397","019cf78c-cfcf-769c-9016-9b96552b5e33","","null","
                <div class=""stimulus-container"">
                    <img src=""images/schematic_sequence/supermarket_scheme/supermarket_scheme_9.png"" class=""exp-image"">
                    <div class=""question-area""></div> 
                </div>","null","","","","","","","","",""
"","","","","","html-button-response","139","404075","0.0-139.0","E55A9614FCB74F67BD0BC91F01BD4C2A","019cf795-33c7-7c68-a196-01eacf087397","019cf78c-cfcf-769c-9016-9b96552b5e33","","623","
                <div class=""stimulus-container"">
                    <img src=""images/schematic_sequence/supermarket_scheme/supermarket_scheme_9.png"" class=""exp-image"">
                    <div class=""question-area"">
                        <p style=""font-size: 20px; font-weight: bold; margin: 0;"">Is there a person in this image?</p>
                    </div>
                </div>","0","main_experiment_trial","9","supermarket_scheme","schematic_sequence","","","","",""
"","","","","","html-keyboard-response","140","409080","0.0-140.0","E55A9614FCB74F67BD0BC91F01BD4C2A","019cf795-33c7-7c68-a196-01eacf087397","019cf78c-cfcf-769c-9016-9b96552b5e33","","null","
                <div class=""stimulus-container"">
                    <img src=""images/schematic_sequence/supermarket_scheme/supermarket_scheme_ten.png"" class=""exp-image"">
                    <div class=""question-area""></div> 
                </div>","null","","","","","","","","",""
"","","","","","html-button-response","141","409651","0.0-141.0","E55A9614FCB74F67BD0BC91F01BD4C2A","019cf795-33c7-7c68-a196-01eacf087397","019cf78c-cfcf-769c-9016-9b96552b5e33","","570","
                <div class=""stimulus-container"">
                    <img src=""images/schematic_sequence/supermarket_scheme/supermarket_scheme_ten.png"" class=""exp-image"">
                    <div class=""question-area"">
                        <p style=""font-size: 20px; font-weight: bold; margin: 0;"">Is there a person in this image?</p>
                    </div>
                </div>","1","main_experiment_trial","ten","supermarket_scheme","schematic_sequence","","","","",""
"","","","","","html-keyboard-response","142","410660","0.0-142.0","E55A9614FCB74F67BD0BC91F01BD4C2A","019cf795-33c7-7c68-a196-01eacf087397","019cf78c-cfcf-769c-9016-9b96552b5e33","","null","<div style=""background-color: white; width: 100vw; height: 100vh;""></div>","null","","","","","","","","",""
"","","","","","html-keyboard-response","143","415662","0.0-143.0","E55A9614FCB74F67BD0BC91F01BD4C2A","019cf795-33c7-7c68-a196-01eacf087397","019cf78c-cfcf-769c-9016-9b96552b5e33","","null","
                <div class=""stimulus-container"">
                    <img src=""images/semantic_sequence/exploring_nature_semantic/exploring_nature_semantic_1.png"" class=""exp-image"">
                    <div class=""question-area""></div> 
                </div>","null","","","","","","","","",""
"","","","","","html-button-response","144","416146","0.0-144.0","E55A9614FCB74F67BD0BC91F01BD4C2A","019cf795-33c7-7c68-a196-01eacf087397","019cf78c-cfcf-769c-9016-9b96552b5e33","","483","
                <div class=""stimulus-container"">
                    <img src=""images/semantic_sequence/exploring_nature_semantic/exploring_nature_semantic_1.png"" class=""exp-image"">
                    <div class=""question-area"">
                        <p style=""font-size: 20px; font-weight: bold; margin: 0;"">Is there a person in this image?</p>
                    </div>
                </div>","0","main_experiment_trial","1","exploring_nature_semantic","semantic_sequence","","","","",""
"","","","","","html-keyboard-response","145","421154","0.0-145.0","E55A9614FCB74F67BD0BC91F01BD4C2A","019cf795-33c7-7c68-a196-01eacf087397","019cf78c-cfcf-769c-9016-9b96552b5e33","","null","
                <div class=""stimulus-container"">
                    <img src=""images/semantic_sequence/exploring_nature_semantic/exploring_nature_semantic_2.png"" class=""exp-image"">
                    <div class=""question-area""></div> 
                </div>","null","","","","","","","","",""
"","","","","","html-button-response","146","421634","0.0-146.0","E55A9614FCB74F67BD0BC91F01BD4C2A","019cf795-33c7-7c68-a196-01eacf087397","019cf78c-cfcf-769c-9016-9b96552b5e33","","479","
                <div class=""stimulus-container"">
                    <img src=""images/semantic_sequence/exploring_nature_semantic/exploring_nature_semantic_2.png"" class=""exp-image"">
                    <div class=""question-area"">
                        <p style=""font-size: 20px; font-weight: bold; margin: 0;"">Is there a person in this image?</p>
                    </div>
                </div>","0","main_experiment_trial","2","exploring_nature_semantic","semantic_sequence","","","","",""
"","","","","","html-keyboard-response","147","426642","0.0-147.0","E55A9614FCB74F67BD0BC91F01BD4C2A","019cf795-33c7-7c68-a196-01eacf087397","019cf78c-cfcf-769c-9016-9b96552b5e33","","null","
                <div class=""stimulus-container"">
                    <img src=""images/semantic_sequence/exploring_nature_semantic/exploring_nature_semantic_3.png"" class=""exp-image"">
                    <div class=""question-area""></div> 
                </div>","null","","","","","","","","",""
"","","","","","html-button-response","148","427218","0.0-148.0","E55A9614FCB74F67BD0BC91F01BD4C2A","019cf795-33c7-7c68-a196-01eacf087397","019cf78c-cfcf-769c-9016-9b96552b5e33","","576","
                <div class=""stimulus-container"">
                    <img src=""images/semantic_sequence/exploring_nature_semantic/exploring_nature_semantic_3.png"" class=""exp-image"">
                    <div class=""question-area"">
                        <p style=""font-size: 20px; font-weight: bold; margin: 0;"">Is there a person in this image?</p>
                    </div>
                </div>","0","main_experiment_trial","3","exploring_nature_semantic","semantic_sequence","","","","",""
"","","","","","html-keyboard-response","149","432220","0.0-149.0","E55A9614FCB74F67BD0BC91F01BD4C2A","019cf795-33c7-7c68-a196-01eacf087397","019cf78c-cfcf-769c-9016-9b96552b5e33","","null","
                <div class=""stimulus-container"">
                    <img src=""images/semantic_sequence/exploring_nature_semantic/exploring_nature_semantic_4.png"" class=""exp-image"">
                    <div class=""question-area""></div> 
                </div>","null","","","","","","","","",""
"","","","","","html-button-response","150","432688","0.0-150.0","E55A9614FCB74F67BD0BC91F01BD4C2A","019cf795-33c7-7c68-a196-01eacf087397","019cf78c-cfcf-769c-9016-9b96552b5e33","","467","
                <div class=""stimulus-container"">
                    <img src=""images/semantic_sequence/exploring_nature_semantic/exploring_nature_semantic_4.png"" class=""exp-image"">
                    <div class=""question-area"">
                        <p style=""font-size: 20px; font-weight: bold; margin: 0;"">Is there a person in this image?</p>
                    </div>
                </div>","0","main_experiment_trial","4","exploring_nature_semantic","semantic_sequence","","","","",""
"","","","","","html-keyboard-response","151","437699","0.0-151.0","E55A9614FCB74F67BD0BC91F01BD4C2A","019cf795-33c7-7c68-a196-01eacf087397","019cf78c-cfcf-769c-9016-9b96552b5e33","","null","
                <div class=""stimulus-container"">
                    <img src=""images/semantic_sequence/exploring_nature_semantic/exploring_nature_semantic_5.png"" class=""exp-image"">
                    <div class=""question-area""></div> 
                </div>","null","","","","","","","","",""
"","","","","","html-button-response","152","438224","0.0-152.0","E55A9614FCB74F67BD0BC91F01BD4C2A","019cf795-33c7-7c68-a196-01eacf087397","019cf78c-cfcf-769c-9016-9b96552b5e33","","525","
                <div class=""stimulus-container"">
                    <img src=""images/semantic_sequence/exploring_nature_semantic/exploring_nature_semantic_5.png"" class=""exp-image"">
                    <div class=""question-area"">
                        <p style=""font-size: 20px; font-weight: bold; margin: 0;"">Is there a person in this image?</p>
                    </div>
                </div>","0","main_experiment_trial","5","exploring_nature_semantic","semantic_sequence","","","","",""
"","","","","","html-keyboard-response","153","443228","0.0-153.0","E55A9614FCB74F67BD0BC91F01BD4C2A","019cf795-33c7-7c68-a196-01eacf087397","019cf78c-cfcf-769c-9016-9b96552b5e33","","null","
                <div class=""stimulus-container"">
                    <img src=""images/semantic_sequence/exploring_nature_semantic/exploring_nature_semantic_6.png"" class=""exp-image"">
                    <div class=""question-area""></div> 
                </div>","null","","","","","","","","",""
"","","","","","html-button-response","154","443694","0.0-154.0","E55A9614FCB74F67BD0BC91F01BD4C2A","019cf795-33c7-7c68-a196-01eacf087397","019cf78c-cfcf-769c-9016-9b96552b5e33","","465","
                <div class=""stimulus-container"">
                    <img src=""images/semantic_sequence/exploring_nature_semantic/exploring_nature_semantic_6.png"" class=""exp-image"">
                    <div class=""question-area"">
                        <p style=""font-size: 20px; font-weight: bold; margin: 0;"">Is there a person in this image?</p>
                    </div>
                </div>","0","main_experiment_trial","6","exploring_nature_semantic","semantic_sequence","","","","",""
"","","","","","html-keyboard-response","155","448702","0.0-155.0","E55A9614FCB74F67BD0BC91F01BD4C2A","019cf795-33c7-7c68-a196-01eacf087397","019cf78c-cfcf-769c-9016-9b96552b5e33","","null","
                <div class=""stimulus-container"">
                    <img src=""images/semantic_sequence/exploring_nature_semantic/exploring_nature_semantic_7.png"" class=""exp-image"">
                    <div class=""question-area""></div> 
                </div>","null","","","","","","","","",""
"","","","","","html-button-response","156","449243","0.0-156.0","E55A9614FCB74F67BD0BC91F01BD4C2A","019cf795-33c7-7c68-a196-01eacf087397","019cf78c-cfcf-769c-9016-9b96552b5e33","","540","
                <div class=""stimulus-container"">
                    <img src=""images/semantic_sequence/exploring_nature_semantic/exploring_nature_semantic_7.png"" class=""exp-image"">
                    <div class=""question-area"">
                        <p style=""font-size: 20px; font-weight: bold; margin: 0;"">Is there a person in this image?</p>
                    </div>
                </div>","0","main_experiment_trial","7","exploring_nature_semantic","semantic_sequence","","","","",""
"","","","","","html-keyboard-response","157","454244","0.0-157.0","E55A9614FCB74F67BD0BC91F01BD4C2A","019cf795-33c7-7c68-a196-01eacf087397","019cf78c-cfcf-769c-9016-9b96552b5e33","","null","
                <div class=""stimulus-container"">
                    <img src=""images/semantic_sequence/exploring_nature_semantic/exploring_nature_semantic_8.png"" class=""exp-image"">
                    <div class=""question-area""></div> 
                </div>","null","","","","","","","","",""
"","","","","","html-button-response","158","454849","0.0-158.0","E55A9614FCB74F67BD0BC91F01BD4C2A","019cf795-33c7-7c68-a196-01eacf087397","019cf78c-cfcf-769c-9016-9b96552b5e33","","604","
                <div class=""stimulus-container"">
                    <img src=""images/semantic_sequence/exploring_nature_semantic/exploring_nature_semantic_8.png"" class=""exp-image"">
                    <div class=""question-area"">
                        <p style=""font-size: 20px; font-weight: bold; margin: 0;"">Is there a person in this image?</p>
                    </div>
                </div>","0","main_experiment_trial","8","exploring_nature_semantic","semantic_sequence","","","","",""
"","","","","","html-keyboard-response","159","459859","0.0-159.0","E55A9614FCB74F67BD0BC91F01BD4C2A","019cf795-33c7-7c68-a196-01eacf087397","019cf78c-cfcf-769c-9016-9b96552b5e33","","null","
                <div class=""stimulus-container"">
                    <img src=""images/semantic_sequence/exploring_nature_semantic/exploring_nature_semantic_9.png"" class=""exp-image"">
                    <div class=""question-area""></div> 
                </div>","null","","","","","","","","",""
"","","","","","html-button-response","160","460541","0.0-160.0","E55A9614FCB74F67BD0BC91F01BD4C2A","019cf795-33c7-7c68-a196-01eacf087397","019cf78c-cfcf-769c-9016-9b96552b5e33","","682","
                <div class=""stimulus-container"">
                    <img src=""images/semantic_sequence/exploring_nature_semantic/exploring_nature_semantic_9.png"" class=""exp-image"">
                    <div class=""question-area"">
                        <p style=""font-size: 20px; font-weight: bold; margin: 0;"">Is there a person in this image?</p>
                    </div>
                </div>","0","main_experiment_trial","9","exploring_nature_semantic","semantic_sequence","","","","",""
"","","","","","html-keyboard-response","161","465550","0.0-161.0","E55A9614FCB74F67BD0BC91F01BD4C2A","019cf795-33c7-7c68-a196-01eacf087397","019cf78c-cfcf-769c-9016-9b96552b5e33","","null","
                <div class=""stimulus-container"">
                    <img src=""images/semantic_sequence/exploring_nature_semantic/exploring_nature_semantic_ten.png"" class=""exp-image"">
                    <div class=""question-area""></div> 
                </div>","null","","","","","","","","",""
"","","","","","html-button-response","162","466044","0.0-162.0","E55A9614FCB74F67BD0BC91F01BD4C2A","019cf795-33c7-7c68-a196-01eacf087397","019cf78c-cfcf-769c-9016-9b96552b5e33","","493","
                <div class=""stimulus-container"">
                    <img src=""images/semantic_sequence/exploring_nature_semantic/exploring_nature_semantic_ten.png"" class=""exp-image"">
                    <div class=""question-area"">
                        <p style=""font-size: 20px; font-weight: bold; margin: 0;"">Is there a person in this image?</p>
                    </div>
                </div>","0","main_experiment_trial","ten","exploring_nature_semantic","semantic_sequence","","","","",""
"","","","","","html-keyboard-response","163","467050","0.0-163.0","E55A9614FCB74F67BD0BC91F01BD4C2A","019cf795-33c7-7c68-a196-01eacf087397","019cf78c-cfcf-769c-9016-9b96552b5e33","","null","<div style=""background-color: white; width: 100vw; height: 100vh;""></div>","null","","","","","","","","",""
"","","","","","html-keyboard-response","164","472058","0.0-164.0","E55A9614FCB74F67BD0BC91F01BD4C2A","019cf795-33c7-7c68-a196-01eacf087397","019cf78c-cfcf-769c-9016-9b96552b5e33","","null","
                <div class=""stimulus-container"">
                    <img src=""images/schematic_sequence/hotel_scheme/hotel_scheme_1.png"" class=""exp-image"">
                    <div class=""question-area""></div> 
                </div>","null","","","","","","","","",""
"","","","","","html-button-response","165","472708","0.0-165.0","E55A9614FCB74F67BD0BC91F01BD4C2A","019cf795-33c7-7c68-a196-01eacf087397","019cf78c-cfcf-769c-9016-9b96552b5e33","","650","
                <div class=""stimulus-container"">
                    <img src=""images/schematic_sequence/hotel_scheme/hotel_scheme_1.png"" class=""exp-image"">
                    <div class=""question-area"">
                        <p style=""font-size: 20px; font-weight: bold; margin: 0;"">Is there a person in this image?</p>
                    </div>
                </div>","1","main_experiment_trial","1","hotel_scheme","schematic_sequence","","","","",""
"","","","","","html-keyboard-response","166","477718","0.0-166.0","E55A9614FCB74F67BD0BC91F01BD4C2A","019cf795-33c7-7c68-a196-01eacf087397","019cf78c-cfcf-769c-9016-9b96552b5e33","","null","
                <div class=""stimulus-container"">
                    <img src=""images/schematic_sequence/hotel_scheme/hotel_scheme_2.png"" class=""exp-image"">
                    <div class=""question-area""></div> 
                </div>","null","","","","","","","","",""
"","","","","","html-button-response","167","478258","0.0-167.0","E55A9614FCB74F67BD0BC91F01BD4C2A","019cf795-33c7-7c68-a196-01eacf087397","019cf78c-cfcf-769c-9016-9b96552b5e33","","539","
                <div class=""stimulus-container"">
                    <img src=""images/schematic_sequence/hotel_scheme/hotel_scheme_2.png"" class=""exp-image"">
                    <div class=""question-area"">
                        <p style=""font-size: 20px; font-weight: bold; margin: 0;"">Is there a person in this image?</p>
                    </div>
                </div>","0","main_experiment_trial","2","hotel_scheme","schematic_sequence","","","","",""
"","","","","","html-keyboard-response","168","483267","0.0-168.0","E55A9614FCB74F67BD0BC91F01BD4C2A","019cf795-33c7-7c68-a196-01eacf087397","019cf78c-cfcf-769c-9016-9b96552b5e33","","null","
                <div class=""stimulus-container"">
                    <img src=""images/schematic_sequence/hotel_scheme/hotel_scheme_3.png"" class=""exp-image"">
                    <div class=""question-area""></div> 
                </div>","null","","","","","","","","",""
"","","","","","html-button-response","169","483733","0.0-169.0","E55A9614FCB74F67BD0BC91F01BD4C2A","019cf795-33c7-7c68-a196-01eacf087397","019cf78c-cfcf-769c-9016-9b96552b5e33","","465","
                <div class=""stimulus-container"">
                    <img src=""images/schematic_sequence/hotel_scheme/hotel_scheme_3.png"" class=""exp-image"">
                    <div class=""question-area"">
                        <p style=""font-size: 20px; font-weight: bold; margin: 0;"">Is there a person in this image?</p>
                    </div>
                </div>","0","main_experiment_trial","3","hotel_scheme","schematic_sequence","","","","",""
"","","","","","html-keyboard-response","170","488740","0.0-170.0","E55A9614FCB74F67BD0BC91F01BD4C2A","019cf795-33c7-7c68-a196-01eacf087397","019cf78c-cfcf-769c-9016-9b96552b5e33","","null","
                <div class=""stimulus-container"">
                    <img src=""images/schematic_sequence/hotel_scheme/hotel_scheme_4.png"" class=""exp-image"">
                    <div class=""question-area""></div> 
                </div>","null","","","","","","","","",""
"","","","","","html-button-response","171","489259","0.0-171.0","E55A9614FCB74F67BD0BC91F01BD4C2A","019cf795-33c7-7c68-a196-01eacf087397","019cf78c-cfcf-769c-9016-9b96552b5e33","","519","
                <div class=""stimulus-container"">
                    <img src=""images/schematic_sequence/hotel_scheme/hotel_scheme_4.png"" class=""exp-image"">
                    <div class=""question-area"">
                        <p style=""font-size: 20px; font-weight: bold; margin: 0;"">Is there a person in this image?</p>
                    </div>
                </div>","1","main_experiment_trial","4","hotel_scheme","schematic_sequence","","","","",""
"","","","","","html-keyboard-response","172","494260","0.0-172.0","E55A9614FCB74F67BD0BC91F01BD4C2A","019cf795-33c7-7c68-a196-01eacf087397","019cf78c-cfcf-769c-9016-9b96552b5e33","","null","
                <div class=""stimulus-container"">
                    <img src=""images/schematic_sequence/hotel_scheme/hotel_scheme_5.png"" class=""exp-image"">
                    <div class=""question-area""></div> 
                </div>","null","","","","","","","","",""
"","","","","","html-button-response","173","494779","0.0-173.0","E55A9614FCB74F67BD0BC91F01BD4C2A","019cf795-33c7-7c68-a196-01eacf087397","019cf78c-cfcf-769c-9016-9b96552b5e33","","518","
                <div class=""stimulus-container"">
                    <img src=""images/schematic_sequence/hotel_scheme/hotel_scheme_5.png"" class=""exp-image"">
                    <div class=""question-area"">
                        <p style=""font-size: 20px; font-weight: bold; margin: 0;"">Is there a person in this image?</p>
                    </div>
                </div>","0","main_experiment_trial","5","hotel_scheme","schematic_sequence","","","","",""
"","","","","","html-keyboard-response","174","499783","0.0-174.0","E55A9614FCB74F67BD0BC91F01BD4C2A","019cf795-33c7-7c68-a196-01eacf087397","019cf78c-cfcf-769c-9016-9b96552b5e33","","null","
                <div class=""stimulus-container"">
                    <img src=""images/schematic_sequence/hotel_scheme/hotel_scheme_6.png"" class=""exp-image"">
                    <div class=""question-area""></div> 
                </div>","null","","","","","","","","",""
"","","","","","html-button-response","175","500247","0.0-175.0","E55A9614FCB74F67BD0BC91F01BD4C2A","019cf795-33c7-7c68-a196-01eacf087397","019cf78c-cfcf-769c-9016-9b96552b5e33","","463","
                <div class=""stimulus-container"">
                    <img src=""images/schematic_sequence/hotel_scheme/hotel_scheme_6.png"" class=""exp-image"">
                    <div class=""question-area"">
                        <p style=""font-size: 20px; font-weight: bold; margin: 0;"">Is there a person in this image?</p>
                    </div>
                </div>","0","main_experiment_trial","6","hotel_scheme","schematic_sequence","","","","",""
"","","","","","html-keyboard-response","176","505255","0.0-176.0","E55A9614FCB74F67BD0BC91F01BD4C2A","019cf795-33c7-7c68-a196-01eacf087397","019cf78c-cfcf-769c-9016-9b96552b5e33","","null","
                <div class=""stimulus-container"">
                    <img src=""images/schematic_sequence/hotel_scheme/hotel_scheme_7.png"" class=""exp-image"">
                    <div class=""question-area""></div> 
                </div>","null","","","","","","","","",""
"","","","","","html-button-response","177","505736","0.0-177.0","E55A9614FCB74F67BD0BC91F01BD4C2A","019cf795-33c7-7c68-a196-01eacf087397","019cf78c-cfcf-769c-9016-9b96552b5e33","","481","
                <div class=""stimulus-container"">
                    <img src=""images/schematic_sequence/hotel_scheme/hotel_scheme_7.png"" class=""exp-image"">
                    <div class=""question-area"">
                        <p style=""font-size: 20px; font-weight: bold; margin: 0;"">Is there a person in this image?</p>
                    </div>
                </div>","0","main_experiment_trial","7","hotel_scheme","schematic_sequence","","","","",""
"","","","","","html-keyboard-response","178","510746","0.0-178.0","E55A9614FCB74F67BD0BC91F01BD4C2A","019cf795-33c7-7c68-a196-01eacf087397","019cf78c-cfcf-769c-9016-9b96552b5e33","","null","
                <div class=""stimulus-container"">
                    <img src=""images/schematic_sequence/hotel_scheme/hotel_scheme_8.png"" class=""exp-image"">
                    <div class=""question-area""></div> 
                </div>","null","","","","","","","","",""
"","","","","","html-button-response","179","511345","0.0-179.0","E55A9614FCB74F67BD0BC91F01BD4C2A","019cf795-33c7-7c68-a196-01eacf087397","019cf78c-cfcf-769c-9016-9b96552b5e33","","598","
                <div class=""stimulus-container"">
                    <img src=""images/schematic_sequence/hotel_scheme/hotel_scheme_8.png"" class=""exp-image"">
                    <div class=""question-area"">
                        <p style=""font-size: 20px; font-weight: bold; margin: 0;"">Is there a person in this image?</p>
                    </div>
                </div>","0","main_experiment_trial","8","hotel_scheme","schematic_sequence","","","","",""
"","","","","","html-keyboard-response","180","516346","0.0-180.0","E55A9614FCB74F67BD0BC91F01BD4C2A","019cf795-33c7-7c68-a196-01eacf087397","019cf78c-cfcf-769c-9016-9b96552b5e33","","null","
                <div class=""stimulus-container"">
                    <img src=""images/schematic_sequence/hotel_scheme/hotel_scheme_9.png"" class=""exp-image"">
                    <div class=""question-area""></div> 
                </div>","null","","","","","","","","",""
"","","","","","html-button-response","181","516890","0.0-181.0","E55A9614FCB74F67BD0BC91F01BD4C2A","019cf795-33c7-7c68-a196-01eacf087397","019cf78c-cfcf-769c-9016-9b96552b5e33","","543","
                <div class=""stimulus-container"">
                    <img src=""images/schematic_sequence/hotel_scheme/hotel_scheme_9.png"" class=""exp-image"">
                    <div class=""question-area"">
                        <p style=""font-size: 20px; font-weight: bold; margin: 0;"">Is there a person in this image?</p>
                    </div>
                </div>","0","main_experiment_trial","9","hotel_scheme","schematic_sequence","","","","",""
"","","","","","html-keyboard-response","182","521898","0.0-182.0","E55A9614FCB74F67BD0BC91F01BD4C2A","019cf795-33c7-7c68-a196-01eacf087397","019cf78c-cfcf-769c-9016-9b96552b5e33","","null","
                <div class=""stimulus-container"">
                    <img src=""images/schematic_sequence/hotel_scheme/hotel_scheme_ten.png"" class=""exp-image"">
                    <div class=""question-area""></div> 
                </div>","null","","","","","","","","",""
"","","","","","html-button-response","183","522772","0.0-183.0","E55A9614FCB74F67BD0BC91F01BD4C2A","019cf795-33c7-7c68-a196-01eacf087397","019cf78c-cfcf-769c-9016-9b96552b5e33","","873","
                <div class=""stimulus-container"">
                    <img src=""images/schematic_sequence/hotel_scheme/hotel_scheme_ten.png"" class=""exp-image"">
                    <div class=""question-area"">
                        <p style=""font-size: 20px; font-weight: bold; margin: 0;"">Is there a person in this image?</p>
                    </div>
                </div>","0","main_experiment_trial","ten","hotel_scheme","schematic_sequence","","","","",""
"","","","","","html-keyboard-response","184","523775","0.0-184.0","E55A9614FCB74F67BD0BC91F01BD4C2A","019cf795-33c7-7c68-a196-01eacf087397","019cf78c-cfcf-769c-9016-9b96552b5e33","","null","<div style=""background-color: white; width: 100vw; height: 100vh;""></div>","null","","","","","","","","",""
"","","","","","html-keyboard-response","185","528784","0.0-185.0","E55A9614FCB74F67BD0BC91F01BD4C2A","019cf795-33c7-7c68-a196-01eacf087397","019cf78c-cfcf-769c-9016-9b96552b5e33","","null","
                <div class=""stimulus-container"">
                    <img src=""images/semantic_sequence/visiting_cities_semantic/visiting_cities_semantic_1.png"" class=""exp-image"">
                    <div class=""question-area""></div> 
                </div>","null","","","","","","","","",""
"","","","","","html-button-response","186","529590","0.0-186.0","E55A9614FCB74F67BD0BC91F01BD4C2A","019cf795-33c7-7c68-a196-01eacf087397","019cf78c-cfcf-769c-9016-9b96552b5e33","","805","
                <div class=""stimulus-container"">
                    <img src=""images/semantic_sequence/visiting_cities_semantic/visiting_cities_semantic_1.png"" class=""exp-image"">
                    <div class=""question-area"">
                        <p style=""font-size: 20px; font-weight: bold; margin: 0;"">Is there a person in this image?</p>
                    </div>
                </div>","1","main_experiment_trial","1","visiting_cities_semantic","semantic_sequence","","","","",""
"","","","","","html-keyboard-response","187","534599","0.0-187.0","E55A9614FCB74F67BD0BC91F01BD4C2A","019cf795-33c7-7c68-a196-01eacf087397","019cf78c-cfcf-769c-9016-9b96552b5e33","","null","
                <div class=""stimulus-container"">
                    <img src=""images/semantic_sequence/visiting_cities_semantic/visiting_cities_semantic_2.png"" class=""exp-image"">
                    <div class=""question-area""></div> 
                </div>","null","","","","","","","","",""
"","","","","","html-button-response","188","535242","0.0-188.0","E55A9614FCB74F67BD0BC91F01BD4C2A","019cf795-33c7-7c68-a196-01eacf087397","019cf78c-cfcf-769c-9016-9b96552b5e33","","642","
                <div class=""stimulus-container"">
                    <img src=""images/semantic_sequence/visiting_cities_semantic/visiting_cities_semantic_2.png"" class=""exp-image"">
                    <div class=""question-area"">
                        <p style=""font-size: 20px; font-weight: bold; margin: 0;"">Is there a person in this image?</p>
                    </div>
                </div>","1","main_experiment_trial","2","visiting_cities_semantic","semantic_sequence","","","","",""
"","","","","","html-keyboard-response","189","540247","0.0-189.0","E55A9614FCB74F67BD0BC91F01BD4C2A","019cf795-33c7-7c68-a196-01eacf087397","019cf78c-cfcf-769c-9016-9b96552b5e33","","null","
                <div class=""stimulus-container"">
                    <img src=""images/semantic_sequence/visiting_cities_semantic/visiting_cities_semantic_3.png"" class=""exp-image"">
                    <div class=""question-area""></div> 
                </div>","null","","","","","","","","",""
"","","","","","html-button-response","190","540717","0.0-190.0","E55A9614FCB74F67BD0BC91F01BD4C2A","019cf795-33c7-7c68-a196-01eacf087397","019cf78c-cfcf-769c-9016-9b96552b5e33","","468","
                <div class=""stimulus-container"">
                    <img src=""images/semantic_sequence/visiting_cities_semantic/visiting_cities_semantic_3.png"" class=""exp-image"">
                    <div class=""question-area"">
                        <p style=""font-size: 20px; font-weight: bold; margin: 0;"">Is there a person in this image?</p>
                    </div>
                </div>","1","main_experiment_trial","3","visiting_cities_semantic","semantic_sequence","","","","",""
"","","","","","html-keyboard-response","191","545725","0.0-191.0","E55A9614FCB74F67BD0BC91F01BD4C2A","019cf795-33c7-7c68-a196-01eacf087397","019cf78c-cfcf-769c-9016-9b96552b5e33","","null","
                <div class=""stimulus-container"">
                    <img src=""images/semantic_sequence/visiting_cities_semantic/visiting_cities_semantic_4.png"" class=""exp-image"">
                    <div class=""question-area""></div> 
                </div>","null","","","","","","","","",""
"","","","","","html-button-response","192","546210","0.0-192.0","E55A9614FCB74F67BD0BC91F01BD4C2A","019cf795-33c7-7c68-a196-01eacf087397","019cf78c-cfcf-769c-9016-9b96552b5e33","","484","
                <div class=""stimulus-container"">
                    <img src=""images/semantic_sequence/visiting_cities_semantic/visiting_cities_semantic_4.png"" class=""exp-image"">
                    <div class=""question-area"">
                        <p style=""font-size: 20px; font-weight: bold; margin: 0;"">Is there a person in this image?</p>
                    </div>
                </div>","1","main_experiment_trial","4","visiting_cities_semantic","semantic_sequence","","","","",""
"","","","","","html-keyboard-response","193","551215","0.0-193.0","E55A9614FCB74F67BD0BC91F01BD4C2A","019cf795-33c7-7c68-a196-01eacf087397","019cf78c-cfcf-769c-9016-9b96552b5e33","","null","
                <div class=""stimulus-container"">
                    <img src=""images/semantic_sequence/visiting_cities_semantic/visiting_cities_semantic_5.png"" class=""exp-image"">
                    <div class=""question-area""></div> 
                </div>","null","","","","","","","","",""
"","","","","","html-button-response","194","552044","0.0-194.0","E55A9614FCB74F67BD0BC91F01BD4C2A","019cf795-33c7-7c68-a196-01eacf087397","019cf78c-cfcf-769c-9016-9b96552b5e33","","828","
                <div class=""stimulus-container"">
                    <img src=""images/semantic_sequence/visiting_cities_semantic/visiting_cities_semantic_5.png"" class=""exp-image"">
                    <div class=""question-area"">
                        <p style=""font-size: 20px; font-weight: bold; margin: 0;"">Is there a person in this image?</p>
                    </div>
                </div>","1","main_experiment_trial","5","visiting_cities_semantic","semantic_sequence","","","","",""
"","","","","","html-keyboard-response","195","557053","0.0-195.0","E55A9614FCB74F67BD0BC91F01BD4C2A","019cf795-33c7-7c68-a196-01eacf087397","019cf78c-cfcf-769c-9016-9b96552b5e33","","null","
                <div class=""stimulus-container"">
                    <img src=""images/semantic_sequence/visiting_cities_semantic/visiting_cities_semantic_6.png"" class=""exp-image"">
                    <div class=""question-area""></div> 
                </div>","null","","","","","","","","",""
"","","","","","html-button-response","196","557773","0.0-196.0","E55A9614FCB74F67BD0BC91F01BD4C2A","019cf795-33c7-7c68-a196-01eacf087397","019cf78c-cfcf-769c-9016-9b96552b5e33","","719","
                <div class=""stimulus-container"">
                    <img src=""images/semantic_sequence/visiting_cities_semantic/visiting_cities_semantic_6.png"" class=""exp-image"">
                    <div class=""question-area"">
                        <p style=""font-size: 20px; font-weight: bold; margin: 0;"">Is there a person in this image?</p>
                    </div>
                </div>","1","main_experiment_trial","6","visiting_cities_semantic","semantic_sequence","","","","",""
"","","","","","html-keyboard-response","197","562779","0.0-197.0","E55A9614FCB74F67BD0BC91F01BD4C2A","019cf795-33c7-7c68-a196-01eacf087397","019cf78c-cfcf-769c-9016-9b96552b5e33","","null","
                <div class=""stimulus-container"">
                    <img src=""images/semantic_sequence/visiting_cities_semantic/visiting_cities_semantic_7.png"" class=""exp-image"">
                    <div class=""question-area""></div> 
                </div>","null","","","","","","","","",""
"","","","","","html-button-response","198","563336","0.0-198.0","E55A9614FCB74F67BD0BC91F01BD4C2A","019cf795-33c7-7c68-a196-01eacf087397","019cf78c-cfcf-769c-9016-9b96552b5e33","","556","
                <div class=""stimulus-container"">
                    <img src=""images/semantic_sequence/visiting_cities_semantic/visiting_cities_semantic_7.png"" class=""exp-image"">
                    <div class=""question-area"">
                        <p style=""font-size: 20px; font-weight: bold; margin: 0;"">Is there a person in this image?</p>
                    </div>
                </div>","1","main_experiment_trial","7","visiting_cities_semantic","semantic_sequence","","","","",""
"","","","","","html-keyboard-response","199","568340","0.0-199.0","E55A9614FCB74F67BD0BC91F01BD4C2A","019cf795-33c7-7c68-a196-01eacf087397","019cf78c-cfcf-769c-9016-9b96552b5e33","","null","
                <div class=""stimulus-container"">
                    <img src=""images/semantic_sequence/visiting_cities_semantic/visiting_cities_semantic_8.png"" class=""exp-image"">
                    <div class=""question-area""></div> 
                </div>","null","","","","","","","","",""
"","","","","","html-button-response","200","569038","0.0-200.0","E55A9614FCB74F67BD0BC91F01BD4C2A","019cf795-33c7-7c68-a196-01eacf087397","019cf78c-cfcf-769c-9016-9b96552b5e33","","697","
                <div class=""stimulus-container"">
                    <img src=""images/semantic_sequence/visiting_cities_semantic/visiting_cities_semantic_8.png"" class=""exp-image"">
                    <div class=""question-area"">
                        <p style=""font-size: 20px; font-weight: bold; margin: 0;"">Is there a person in this image?</p>
                    </div>
                </div>","1","main_experiment_trial","8","visiting_cities_semantic","semantic_sequence","","","","",""
"","","","","","html-keyboard-response","201","574048","0.0-201.0","E55A9614FCB74F67BD0BC91F01BD4C2A","019cf795-33c7-7c68-a196-01eacf087397","019cf78c-cfcf-769c-9016-9b96552b5e33","","null","
                <div class=""stimulus-container"">
                    <img src=""images/semantic_sequence/visiting_cities_semantic/visiting_cities_semantic_9.png"" class=""exp-image"">
                    <div class=""question-area""></div> 
                </div>","null","","","","","","","","",""
"","","","","","html-button-response","202","574724","0.0-202.0","E55A9614FCB74F67BD0BC91F01BD4C2A","019cf795-33c7-7c68-a196-01eacf087397","019cf78c-cfcf-769c-9016-9b96552b5e33","","676","
                <div class=""stimulus-container"">
                    <img src=""images/semantic_sequence/visiting_cities_semantic/visiting_cities_semantic_9.png"" class=""exp-image"">
                    <div class=""question-area"">
                        <p style=""font-size: 20px; font-weight: bold; margin: 0;"">Is there a person in this image?</p>
                    </div>
                </div>","1","main_experiment_trial","9","visiting_cities_semantic","semantic_sequence","","","","",""
"","","","","","html-keyboard-response","203","579730","0.0-203.0","E55A9614FCB74F67BD0BC91F01BD4C2A","019cf795-33c7-7c68-a196-01eacf087397","019cf78c-cfcf-769c-9016-9b96552b5e33","","null","
                <div class=""stimulus-container"">
                    <img src=""images/semantic_sequence/visiting_cities_semantic/visiting_cities_semantic_ten.png"" class=""exp-image"">
                    <div class=""question-area""></div> 
                </div>","null","","","","","","","","",""
"","","","","","html-button-response","204","580367","0.0-204.0","E55A9614FCB74F67BD0BC91F01BD4C2A","019cf795-33c7-7c68-a196-01eacf087397","019cf78c-cfcf-769c-9016-9b96552b5e33","","637","
                <div class=""stimulus-container"">
                    <img src=""images/semantic_sequence/visiting_cities_semantic/visiting_cities_semantic_ten.png"" class=""exp-image"">
                    <div class=""question-area"">
                        <p style=""font-size: 20px; font-weight: bold; margin: 0;"">Is there a person in this image?</p>
                    </div>
                </div>","1","main_experiment_trial","ten","visiting_cities_semantic","semantic_sequence","","","","",""
"","","","","","html-keyboard-response","205","581375","0.0-205.0","E55A9614FCB74F67BD0BC91F01BD4C2A","019cf795-33c7-7c68-a196-01eacf087397","019cf78c-cfcf-769c-9016-9b96552b5e33","","null","<div style=""background-color: white; width: 100vw; height: 100vh;""></div>","null","","","","","","","","",""
"","","","","","html-keyboard-response","206","586385","0.0-206.0","E55A9614FCB74F67BD0BC91F01BD4C2A","019cf795-33c7-7c68-a196-01eacf087397","019cf78c-cfcf-769c-9016-9b96552b5e33","","null","
                <div class=""stimulus-container"">
                    <img src=""images/semantic_sequence/cat_care_semantic/cat_care_semantic_1.png"" class=""exp-image"">
                    <div class=""question-area""></div> 
                </div>","null","","","","","","","","",""
"","","","","","html-button-response","207","586970","0.0-207.0","E55A9614FCB74F67BD0BC91F01BD4C2A","019cf795-33c7-7c68-a196-01eacf087397","019cf78c-cfcf-769c-9016-9b96552b5e33","","585","
                <div class=""stimulus-container"">
                    <img src=""images/semantic_sequence/cat_care_semantic/cat_care_semantic_1.png"" class=""exp-image"">
                    <div class=""question-area"">
                        <p style=""font-size: 20px; font-weight: bold; margin: 0;"">Is there a person in this image?</p>
                    </div>
                </div>","0","main_experiment_trial","1","cat_care_semantic","semantic_sequence","","","","",""
"","","","","","html-keyboard-response","208","591974","0.0-208.0","E55A9614FCB74F67BD0BC91F01BD4C2A","019cf795-33c7-7c68-a196-01eacf087397","019cf78c-cfcf-769c-9016-9b96552b5e33","","null","
                <div class=""stimulus-container"">
                    <img src=""images/semantic_sequence/cat_care_semantic/cat_care_semantic_2.png"" class=""exp-image"">
                    <div class=""question-area""></div> 
                </div>","null","","","","","","","","",""
"","","","","","html-button-response","209","592826","0.0-209.0","E55A9614FCB74F67BD0BC91F01BD4C2A","019cf795-33c7-7c68-a196-01eacf087397","019cf78c-cfcf-769c-9016-9b96552b5e33","","852","
                <div class=""stimulus-container"">
                    <img src=""images/semantic_sequence/cat_care_semantic/cat_care_semantic_2.png"" class=""exp-image"">
                    <div class=""question-area"">
                        <p style=""font-size: 20px; font-weight: bold; margin: 0;"">Is there a person in this image?</p>
                    </div>
                </div>","0","main_experiment_trial","2","cat_care_semantic","semantic_sequence","","","","",""
"","","","","","html-keyboard-response","210","597828","0.0-210.0","E55A9614FCB74F67BD0BC91F01BD4C2A","019cf795-33c7-7c68-a196-01eacf087397","019cf78c-cfcf-769c-9016-9b96552b5e33","","null","
                <div class=""stimulus-container"">
                    <img src=""images/semantic_sequence/cat_care_semantic/cat_care_semantic_3.png"" class=""exp-image"">
                    <div class=""question-area""></div> 
                </div>","null","","","","","","","","",""
"","","","","","html-button-response","211","598319","0.0-211.0","E55A9614FCB74F67BD0BC91F01BD4C2A","019cf795-33c7-7c68-a196-01eacf087397","019cf78c-cfcf-769c-9016-9b96552b5e33","","490","
                <div class=""stimulus-container"">
                    <img src=""images/semantic_sequence/cat_care_semantic/cat_care_semantic_3.png"" class=""exp-image"">
                    <div class=""question-area"">
                        <p style=""font-size: 20px; font-weight: bold; margin: 0;"">Is there a person in this image?</p>
                    </div>
                </div>","1","main_experiment_trial","3","cat_care_semantic","semantic_sequence","","","","",""
"","","","","","html-keyboard-response","212","603325","0.0-212.0","E55A9614FCB74F67BD0BC91F01BD4C2A","019cf795-33c7-7c68-a196-01eacf087397","019cf78c-cfcf-769c-9016-9b96552b5e33","","null","
                <div class=""stimulus-container"">
                    <img src=""images/semantic_sequence/cat_care_semantic/cat_care_semantic_4.png"" class=""exp-image"">
                    <div class=""question-area""></div> 
                </div>","null","","","","","","","","",""
"","","","","","html-button-response","213","603814","0.0-213.0","E55A9614FCB74F67BD0BC91F01BD4C2A","019cf795-33c7-7c68-a196-01eacf087397","019cf78c-cfcf-769c-9016-9b96552b5e33","","488","
                <div class=""stimulus-container"">
                    <img src=""images/semantic_sequence/cat_care_semantic/cat_care_semantic_4.png"" class=""exp-image"">
                    <div class=""question-area"">
                        <p style=""font-size: 20px; font-weight: bold; margin: 0;"">Is there a person in this image?</p>
                    </div>
                </div>","0","main_experiment_trial","4","cat_care_semantic","semantic_sequence","","","","",""
"","","","","","html-keyboard-response","214","608815","0.0-214.0","E55A9614FCB74F67BD0BC91F01BD4C2A","019cf795-33c7-7c68-a196-01eacf087397","019cf78c-cfcf-769c-9016-9b96552b5e33","","null","
                <div class=""stimulus-container"">
                    <img src=""images/semantic_sequence/cat_care_semantic/cat_care_semantic_5.png"" class=""exp-image"">
                    <div class=""question-area""></div> 
                </div>","null","","","","","","","","",""
"","","","","","html-button-response","215","609338","0.0-215.0","E55A9614FCB74F67BD0BC91F01BD4C2A","019cf795-33c7-7c68-a196-01eacf087397","019cf78c-cfcf-769c-9016-9b96552b5e33","","522","
                <div class=""stimulus-container"">
                    <img src=""images/semantic_sequence/cat_care_semantic/cat_care_semantic_5.png"" class=""exp-image"">
                    <div class=""question-area"">
                        <p style=""font-size: 20px; font-weight: bold; margin: 0;"">Is there a person in this image?</p>
                    </div>
                </div>","0","main_experiment_trial","5","cat_care_semantic","semantic_sequence","","","","",""
"","","","","","html-keyboard-response","216","614349","0.0-216.0","E55A9614FCB74F67BD0BC91F01BD4C2A","019cf795-33c7-7c68-a196-01eacf087397","019cf78c-cfcf-769c-9016-9b96552b5e33","","null","
                <div class=""stimulus-container"">
                    <img src=""images/semantic_sequence/cat_care_semantic/cat_care_semantic_6.png"" class=""exp-image"">
                    <div class=""question-area""></div> 
                </div>","null","","","","","","","","",""
"","","","","","html-button-response","217","614871","0.0-217.0","E55A9614FCB74F67BD0BC91F01BD4C2A","019cf795-33c7-7c68-a196-01eacf087397","019cf78c-cfcf-769c-9016-9b96552b5e33","","521","
                <div class=""stimulus-container"">
                    <img src=""images/semantic_sequence/cat_care_semantic/cat_care_semantic_6.png"" class=""exp-image"">
                    <div class=""question-area"">
                        <p style=""font-size: 20px; font-weight: bold; margin: 0;"">Is there a person in this image?</p>
                    </div>
                </div>","1","main_experiment_trial","6","cat_care_semantic","semantic_sequence","","","","",""
"","","","","","html-keyboard-response","218","619883","0.0-218.0","E55A9614FCB74F67BD0BC91F01BD4C2A","019cf795-33c7-7c68-a196-01eacf087397","019cf78c-cfcf-769c-9016-9b96552b5e33","","null","
                <div class=""stimulus-container"">
                    <img src=""images/semantic_sequence/cat_care_semantic/cat_care_semantic_7.png"" class=""exp-image"">
                    <div class=""question-area""></div> 
                </div>","null","","","","","","","","",""
"","","","","","html-button-response","219","620358","0.0-219.0","E55A9614FCB74F67BD0BC91F01BD4C2A","019cf795-33c7-7c68-a196-01eacf087397","019cf78c-cfcf-769c-9016-9b96552b5e33","","474","
                <div class=""stimulus-container"">
                    <img src=""images/semantic_sequence/cat_care_semantic/cat_care_semantic_7.png"" class=""exp-image"">
                    <div class=""question-area"">
                        <p style=""font-size: 20px; font-weight: bold; margin: 0;"">Is there a person in this image?</p>
                    </div>
                </div>","1","main_experiment_trial","7","cat_care_semantic","semantic_sequence","","","","",""
"","","","","","html-keyboard-response","220","625366","0.0-220.0","E55A9614FCB74F67BD0BC91F01BD4C2A","019cf795-33c7-7c68-a196-01eacf087397","019cf78c-cfcf-769c-9016-9b96552b5e33","","null","
                <div class=""stimulus-container"">
                    <img src=""images/semantic_sequence/cat_care_semantic/cat_care_semantic_8.png"" class=""exp-image"">
                    <div class=""question-area""></div> 
                </div>","null","","","","","","","","",""
"","","","","","html-button-response","221","625834","0.0-221.0","E55A9614FCB74F67BD0BC91F01BD4C2A","019cf795-33c7-7c68-a196-01eacf087397","019cf78c-cfcf-769c-9016-9b96552b5e33","","468","
                <div class=""stimulus-container"">
                    <img src=""images/semantic_sequence/cat_care_semantic/cat_care_semantic_8.png"" class=""exp-image"">
                    <div class=""question-area"">
                        <p style=""font-size: 20px; font-weight: bold; margin: 0;"">Is there a person in this image?</p>
                    </div>
                </div>","1","main_experiment_trial","8","cat_care_semantic","semantic_sequence","","","","",""
"","","","","","html-keyboard-response","222","630842","0.0-222.0","E55A9614FCB74F67BD0BC91F01BD4C2A","019cf795-33c7-7c68-a196-01eacf087397","019cf78c-cfcf-769c-9016-9b96552b5e33","","null","
                <div class=""stimulus-container"">
                    <img src=""images/semantic_sequence/cat_care_semantic/cat_care_semantic_9.png"" class=""exp-image"">
                    <div class=""question-area""></div> 
                </div>","null","","","","","","","","",""
"","","","","","html-button-response","223","631381","0.0-223.0","E55A9614FCB74F67BD0BC91F01BD4C2A","019cf795-33c7-7c68-a196-01eacf087397","019cf78c-cfcf-769c-9016-9b96552b5e33","","538","
                <div class=""stimulus-container"">
                    <img src=""images/semantic_sequence/cat_care_semantic/cat_care_semantic_9.png"" class=""exp-image"">
                    <div class=""question-area"">
                        <p style=""font-size: 20px; font-weight: bold; margin: 0;"">Is there a person in this image?</p>
                    </div>
                </div>","0","main_experiment_trial","9","cat_care_semantic","semantic_sequence","","","","",""
"","","","","","html-keyboard-response","224","636390","0.0-224.0","E55A9614FCB74F67BD0BC91F01BD4C2A","019cf795-33c7-7c68-a196-01eacf087397","019cf78c-cfcf-769c-9016-9b96552b5e33","","null","
                <div class=""stimulus-container"">
                    <img src=""images/semantic_sequence/cat_care_semantic/cat_care_semantic_ten.png"" class=""exp-image"">
                    <div class=""question-area""></div> 
                </div>","null","","","","","","","","",""
"","","","","","html-button-response","225","636883","0.0-225.0","E55A9614FCB74F67BD0BC91F01BD4C2A","019cf795-33c7-7c68-a196-01eacf087397","019cf78c-cfcf-769c-9016-9b96552b5e33","","492","
                <div class=""stimulus-container"">
                    <img src=""images/semantic_sequence/cat_care_semantic/cat_care_semantic_ten.png"" class=""exp-image"">
                    <div class=""question-area"">
                        <p style=""font-size: 20px; font-weight: bold; margin: 0;"">Is there a person in this image?</p>
                    </div>
                </div>","1","main_experiment_trial","ten","cat_care_semantic","semantic_sequence","","","","",""
"","","","","","html-keyboard-response","226","637891","0.0-226.0","E55A9614FCB74F67BD0BC91F01BD4C2A","019cf795-33c7-7c68-a196-01eacf087397","019cf78c-cfcf-769c-9016-9b96552b5e33","","null","<div style=""background-color: white; width: 100vw; height: 100vh;""></div>","null","","","","","","","","",""
"","","","","","html-keyboard-response","227","642900","0.0-227.0","E55A9614FCB74F67BD0BC91F01BD4C2A","019cf795-33c7-7c68-a196-01eacf087397","019cf78c-cfcf-769c-9016-9b96552b5e33","","null","
                <div class=""stimulus-container"">
                    <img src=""images/schematic_sequence/dinner_party_scheme/dinner_party_scheme_1.png"" class=""exp-image"">
                    <div class=""question-area""></div> 
                </div>","null","","","","","","","","",""
"","","","","","html-button-response","228","643420","0.0-228.0","E55A9614FCB74F67BD0BC91F01BD4C2A","019cf795-33c7-7c68-a196-01eacf087397","019cf78c-cfcf-769c-9016-9b96552b5e33","","519","
                <div class=""stimulus-container"">
                    <img src=""images/schematic_sequence/dinner_party_scheme/dinner_party_scheme_1.png"" class=""exp-image"">
                    <div class=""question-area"">
                        <p style=""font-size: 20px; font-weight: bold; margin: 0;"">Is there a person in this image?</p>
                    </div>
                </div>","0","main_experiment_trial","1","dinner_party_scheme","schematic_sequence","","","","",""
"","","","","","html-keyboard-response","229","648422","0.0-229.0","E55A9614FCB74F67BD0BC91F01BD4C2A","019cf795-33c7-7c68-a196-01eacf087397","019cf78c-cfcf-769c-9016-9b96552b5e33","","null","
                <div class=""stimulus-container"">
                    <img src=""images/schematic_sequence/dinner_party_scheme/dinner_party_scheme_2.png"" class=""exp-image"">
                    <div class=""question-area""></div> 
                </div>","null","","","","","","","","",""
"","","","","","html-button-response","230","648943","0.0-230.0","E55A9614FCB74F67BD0BC91F01BD4C2A","019cf795-33c7-7c68-a196-01eacf087397","019cf78c-cfcf-769c-9016-9b96552b5e33","","521","
                <div class=""stimulus-container"">
                    <img src=""images/schematic_sequence/dinner_party_scheme/dinner_party_scheme_2.png"" class=""exp-image"">
                    <div class=""question-area"">
                        <p style=""font-size: 20px; font-weight: bold; margin: 0;"">Is there a person in this image?</p>
                    </div>
                </div>","1","main_experiment_trial","2","dinner_party_scheme","schematic_sequence","","","","",""
"","","","","","html-keyboard-response","231","653947","0.0-231.0","E55A9614FCB74F67BD0BC91F01BD4C2A","019cf795-33c7-7c68-a196-01eacf087397","019cf78c-cfcf-769c-9016-9b96552b5e33","","null","
                <div class=""stimulus-container"">
                    <img src=""images/schematic_sequence/dinner_party_scheme/dinner_party_scheme_3.png"" class=""exp-image"">
                    <div class=""question-area""></div> 
                </div>","null","","","","","","","","",""
"","","","","","html-button-response","232","654442","0.0-232.0","E55A9614FCB74F67BD0BC91F01BD4C2A","019cf795-33c7-7c68-a196-01eacf087397","019cf78c-cfcf-769c-9016-9b96552b5e33","","495","
                <div class=""stimulus-container"">
                    <img src=""images/schematic_sequence/dinner_party_scheme/dinner_party_scheme_3.png"" class=""exp-image"">
                    <div class=""question-area"">
                        <p style=""font-size: 20px; font-weight: bold; margin: 0;"">Is there a person in this image?</p>
                    </div>
                </div>","0","main_experiment_trial","3","dinner_party_scheme","schematic_sequence","","","","",""
"","","","","","html-keyboard-response","233","659444","0.0-233.0","E55A9614FCB74F67BD0BC91F01BD4C2A","019cf795-33c7-7c68-a196-01eacf087397","019cf78c-cfcf-769c-9016-9b96552b5e33","","null","
                <div class=""stimulus-container"">
                    <img src=""images/schematic_sequence/dinner_party_scheme/dinner_party_scheme_4.png"" class=""exp-image"">
                    <div class=""question-area""></div> 
                </div>","null","","","","","","","","",""
"","","","","","html-button-response","234","660122","0.0-234.0","E55A9614FCB74F67BD0BC91F01BD4C2A","019cf795-33c7-7c68-a196-01eacf087397","019cf78c-cfcf-769c-9016-9b96552b5e33","","677","
                <div class=""stimulus-container"">
                    <img src=""images/schematic_sequence/dinner_party_scheme/dinner_party_scheme_4.png"" class=""exp-image"">
                    <div class=""question-area"">
                        <p style=""font-size: 20px; font-weight: bold; margin: 0;"">Is there a person in this image?</p>
                    </div>
                </div>","0","main_experiment_trial","4","dinner_party_scheme","schematic_sequence","","","","",""
"","","","","","html-keyboard-response","235","665124","0.0-235.0","E55A9614FCB74F67BD0BC91F01BD4C2A","019cf795-33c7-7c68-a196-01eacf087397","019cf78c-cfcf-769c-9016-9b96552b5e33","","null","
                <div class=""stimulus-container"">
                    <img src=""images/schematic_sequence/dinner_party_scheme/dinner_party_scheme_5.png"" class=""exp-image"">
                    <div class=""question-area""></div> 
                </div>","null","","","","","","","","",""
"","","","","","html-button-response","236","665824","0.0-236.0","E55A9614FCB74F67BD0BC91F01BD4C2A","019cf795-33c7-7c68-a196-01eacf087397","019cf78c-cfcf-769c-9016-9b96552b5e33","","699","
                <div class=""stimulus-container"">
                    <img src=""images/schematic_sequence/dinner_party_scheme/dinner_party_scheme_5.png"" class=""exp-image"">
                    <div class=""question-area"">
                        <p style=""font-size: 20px; font-weight: bold; margin: 0;"">Is there a person in this image?</p>
                    </div>
                </div>","0","main_experiment_trial","5","dinner_party_scheme","schematic_sequence","","","","",""
"","","","","","html-keyboard-response","237","670834","0.0-237.0","E55A9614FCB74F67BD0BC91F01BD4C2A","019cf795-33c7-7c68-a196-01eacf087397","019cf78c-cfcf-769c-9016-9b96552b5e33","","null","
                <div class=""stimulus-container"">
                    <img src=""images/schematic_sequence/dinner_party_scheme/dinner_party_scheme_6.png"" class=""exp-image"">
                    <div class=""question-area""></div> 
                </div>","null","","","","","","","","",""
"","","","","","html-button-response","238","671350","0.0-238.0","E55A9614FCB74F67BD0BC91F01BD4C2A","019cf795-33c7-7c68-a196-01eacf087397","019cf78c-cfcf-769c-9016-9b96552b5e33","","515","
                <div class=""stimulus-container"">
                    <img src=""images/schematic_sequence/dinner_party_scheme/dinner_party_scheme_6.png"" class=""exp-image"">
                    <div class=""question-area"">
                        <p style=""font-size: 20px; font-weight: bold; margin: 0;"">Is there a person in this image?</p>
                    </div>
                </div>","0","main_experiment_trial","6","dinner_party_scheme","schematic_sequence","","","","",""
"","","","","","html-keyboard-response","239","676355","0.0-239.0","E55A9614FCB74F67BD0BC91F01BD4C2A","019cf795-33c7-7c68-a196-01eacf087397","019cf78c-cfcf-769c-9016-9b96552b5e33","","null","
                <div class=""stimulus-container"">
                    <img src=""images/schematic_sequence/dinner_party_scheme/dinner_party_scheme_7.png"" class=""exp-image"">
                    <div class=""question-area""></div> 
                </div>","null","","","","","","","","",""
"","","","","","html-button-response","240","676841","0.0-240.0","E55A9614FCB74F67BD0BC91F01BD4C2A","019cf795-33c7-7c68-a196-01eacf087397","019cf78c-cfcf-769c-9016-9b96552b5e33","","485","
                <div class=""stimulus-container"">
                    <img src=""images/schematic_sequence/dinner_party_scheme/dinner_party_scheme_7.png"" class=""exp-image"">
                    <div class=""question-area"">
                        <p style=""font-size: 20px; font-weight: bold; margin: 0;"">Is there a person in this image?</p>
                    </div>
                </div>","0","main_experiment_trial","7","dinner_party_scheme","schematic_sequence","","","","",""
"","","","","","html-keyboard-response","241","681846","0.0-241.0","E55A9614FCB74F67BD0BC91F01BD4C2A","019cf795-33c7-7c68-a196-01eacf087397","019cf78c-cfcf-769c-9016-9b96552b5e33","","null","
                <div class=""stimulus-container"">
                    <img src=""images/schematic_sequence/dinner_party_scheme/dinner_party_scheme_8.png"" class=""exp-image"">
                    <div class=""question-area""></div> 
                </div>","null","","","","","","","","",""
"","","","","","html-button-response","242","682539","0.0-242.0","E55A9614FCB74F67BD0BC91F01BD4C2A","019cf795-33c7-7c68-a196-01eacf087397","019cf78c-cfcf-769c-9016-9b96552b5e33","","693","
                <div class=""stimulus-container"">
                    <img src=""images/schematic_sequence/dinner_party_scheme/dinner_party_scheme_8.png"" class=""exp-image"">
                    <div class=""question-area"">
                        <p style=""font-size: 20px; font-weight: bold; margin: 0;"">Is there a person in this image?</p>
                    </div>
                </div>","0","main_experiment_trial","8","dinner_party_scheme","schematic_sequence","","","","",""
"","","","","","html-keyboard-response","243","687541","0.0-243.0","E55A9614FCB74F67BD0BC91F01BD4C2A","019cf795-33c7-7c68-a196-01eacf087397","019cf78c-cfcf-769c-9016-9b96552b5e33","","null","
                <div class=""stimulus-container"">
                    <img src=""images/schematic_sequence/dinner_party_scheme/dinner_party_scheme_9.png"" class=""exp-image"">
                    <div class=""question-area""></div> 
                </div>","null","","","","","","","","",""
"","","","","","html-button-response","244","688149","0.0-244.0","E55A9614FCB74F67BD0BC91F01BD4C2A","019cf795-33c7-7c68-a196-01eacf087397","019cf78c-cfcf-769c-9016-9b96552b5e33","","607","
                <div class=""stimulus-container"">
                    <img src=""images/schematic_sequence/dinner_party_scheme/dinner_party_scheme_9.png"" class=""exp-image"">
                    <div class=""question-area"">
                        <p style=""font-size: 20px; font-weight: bold; margin: 0;"">Is there a person in this image?</p>
                    </div>
                </div>","0","main_experiment_trial","9","dinner_party_scheme","schematic_sequence","","","","",""
"","","","","","html-keyboard-response","245","693156","0.0-245.0","E55A9614FCB74F67BD0BC91F01BD4C2A","019cf795-33c7-7c68-a196-01eacf087397","019cf78c-cfcf-769c-9016-9b96552b5e33","","null","
                <div class=""stimulus-container"">
                    <img src=""images/schematic_sequence/dinner_party_scheme/dinner_party_scheme_ten.png"" class=""exp-image"">
                    <div class=""question-area""></div> 
                </div>","null","","","","","","","","",""
"","","","","","html-button-response","246","693793","0.0-246.0","E55A9614FCB74F67BD0BC91F01BD4C2A","019cf795-33c7-7c68-a196-01eacf087397","019cf78c-cfcf-769c-9016-9b96552b5e33","","636","
                <div class=""stimulus-container"">
                    <img src=""images/schematic_sequence/dinner_party_scheme/dinner_party_scheme_ten.png"" class=""exp-image"">
                    <div class=""question-area"">
                        <p style=""font-size: 20px; font-weight: bold; margin: 0;"">Is there a person in this image?</p>
                    </div>
                </div>","0","main_experiment_trial","ten","dinner_party_scheme","schematic_sequence","","","","",""
"","","","","","html-keyboard-response","247","694795","0.0-247.0","E55A9614FCB74F67BD0BC91F01BD4C2A","019cf795-33c7-7c68-a196-01eacf087397","019cf78c-cfcf-769c-9016-9b96552b5e33","","null","<div style=""background-color: white; width: 100vw; height: 100vh;""></div>","null","","","","","","","","",""
"","","","","","html-keyboard-response","248","699806","0.0-248.0","E55A9614FCB74F67BD0BC91F01BD4C2A","019cf795-33c7-7c68-a196-01eacf087397","019cf78c-cfcf-769c-9016-9b96552b5e33","","null","
                <div class=""stimulus-container"">
                    <img src=""images/semantic_sequence/physical_activity_semantic/physical_activity_semantic_1.png"" class=""exp-image"">
                    <div class=""question-area""></div> 
                </div>","null","","","","","","","","",""
"","","","","","html-button-response","249","700322","0.0-249.0","E55A9614FCB74F67BD0BC91F01BD4C2A","019cf795-33c7-7c68-a196-01eacf087397","019cf78c-cfcf-769c-9016-9b96552b5e33","","515","
                <div class=""stimulus-container"">
                    <img src=""images/semantic_sequence/physical_activity_semantic/physical_activity_semantic_1.png"" class=""exp-image"">
                    <div class=""question-area"">
                        <p style=""font-size: 20px; font-weight: bold; margin: 0;"">Is there a person in this image?</p>
                    </div>
                </div>","0","main_experiment_trial","1","physical_activity_semantic","semantic_sequence","","","","",""
"","","","","","html-keyboard-response","250","705328","0.0-250.0","E55A9614FCB74F67BD0BC91F01BD4C2A","019cf795-33c7-7c68-a196-01eacf087397","019cf78c-cfcf-769c-9016-9b96552b5e33","","null","
                <div class=""stimulus-container"">
                    <img src=""images/semantic_sequence/physical_activity_semantic/physical_activity_semantic_2.png"" class=""exp-image"">
                    <div class=""question-area""></div> 
                </div>","null","","","","","","","","",""
"","","","","","html-button-response","251","705967","0.0-251.0","E55A9614FCB74F67BD0BC91F01BD4C2A","019cf795-33c7-7c68-a196-01eacf087397","019cf78c-cfcf-769c-9016-9b96552b5e33","","638","
                <div class=""stimulus-container"">
                    <img src=""images/semantic_sequence/physical_activity_semantic/physical_activity_semantic_2.png"" class=""exp-image"">
                    <div class=""question-area"">
                        <p style=""font-size: 20px; font-weight: bold; margin: 0;"">Is there a person in this image?</p>
                    </div>
                </div>","0","main_experiment_trial","2","physical_activity_semantic","semantic_sequence","","","","",""
"","","","","","html-keyboard-response","252","710975","0.0-252.0","E55A9614FCB74F67BD0BC91F01BD4C2A","019cf795-33c7-7c68-a196-01eacf087397","019cf78c-cfcf-769c-9016-9b96552b5e33","","null","
                <div class=""stimulus-container"">
                    <img src=""images/semantic_sequence/physical_activity_semantic/physical_activity_semantic_3.png"" class=""exp-image"">
                    <div class=""question-area""></div> 
                </div>","null","","","","","","","","",""
"","","","","","html-button-response","253","711528","0.0-253.0","E55A9614FCB74F67BD0BC91F01BD4C2A","019cf795-33c7-7c68-a196-01eacf087397","019cf78c-cfcf-769c-9016-9b96552b5e33","","552","
                <div class=""stimulus-container"">
                    <img src=""images/semantic_sequence/physical_activity_semantic/physical_activity_semantic_3.png"" class=""exp-image"">
                    <div class=""question-area"">
                        <p style=""font-size: 20px; font-weight: bold; margin: 0;"">Is there a person in this image?</p>
                    </div>
                </div>","0","main_experiment_trial","3","physical_activity_semantic","semantic_sequence","","","","",""
"","","","","","html-keyboard-response","254","716532","0.0-254.0","E55A9614FCB74F67BD0BC91F01BD4C2A","019cf795-33c7-7c68-a196-01eacf087397","019cf78c-cfcf-769c-9016-9b96552b5e33","","null","
                <div class=""stimulus-container"">
                    <img src=""images/semantic_sequence/physical_activity_semantic/physical_activity_semantic_4.png"" class=""exp-image"">
                    <div class=""question-area""></div> 
                </div>","null","","","","","","","","",""
"","","","","","html-button-response","255","717061","0.0-255.0","E55A9614FCB74F67BD0BC91F01BD4C2A","019cf795-33c7-7c68-a196-01eacf087397","019cf78c-cfcf-769c-9016-9b96552b5e33","","528","
                <div class=""stimulus-container"">
                    <img src=""images/semantic_sequence/physical_activity_semantic/physical_activity_semantic_4.png"" class=""exp-image"">
                    <div class=""question-area"">
                        <p style=""font-size: 20px; font-weight: bold; margin: 0;"">Is there a person in this image?</p>
                    </div>
                </div>","0","main_experiment_trial","4","physical_activity_semantic","semantic_sequence","","","","",""
"","","","","","html-keyboard-response","256","722070","0.0-256.0","E55A9614FCB74F67BD0BC91F01BD4C2A","019cf795-33c7-7c68-a196-01eacf087397","019cf78c-cfcf-769c-9016-9b96552b5e33","","null","
                <div class=""stimulus-container"">
                    <img src=""images/semantic_sequence/physical_activity_semantic/physical_activity_semantic_5.png"" class=""exp-image"">
                    <div class=""question-area""></div> 
                </div>","null","","","","","","","","",""
"","","","","","html-button-response","257","722751","0.0-257.0","E55A9614FCB74F67BD0BC91F01BD4C2A","019cf795-33c7-7c68-a196-01eacf087397","019cf78c-cfcf-769c-9016-9b96552b5e33","","681","
                <div class=""stimulus-container"">
                    <img src=""images/semantic_sequence/physical_activity_semantic/physical_activity_semantic_5.png"" class=""exp-image"">
                    <div class=""question-area"">
                        <p style=""font-size: 20px; font-weight: bold; margin: 0;"">Is there a person in this image?</p>
                    </div>
                </div>","0","main_experiment_trial","5","physical_activity_semantic","semantic_sequence","","","","",""
"","","","","","html-keyboard-response","258","727758","0.0-258.0","E55A9614FCB74F67BD0BC91F01BD4C2A","019cf795-33c7-7c68-a196-01eacf087397","019cf78c-cfcf-769c-9016-9b96552b5e33","","null","
                <div class=""stimulus-container"">
                    <img src=""images/semantic_sequence/physical_activity_semantic/physical_activity_semantic_6.png"" class=""exp-image"">
                    <div class=""question-area""></div> 
                </div>","null","","","","","","","","",""
"","","","","","html-button-response","259","728321","0.0-259.0","E55A9614FCB74F67BD0BC91F01BD4C2A","019cf795-33c7-7c68-a196-01eacf087397","019cf78c-cfcf-769c-9016-9b96552b5e33","","562","
                <div class=""stimulus-container"">
                    <img src=""images/semantic_sequence/physical_activity_semantic/physical_activity_semantic_6.png"" class=""exp-image"">
                    <div class=""question-area"">
                        <p style=""font-size: 20px; font-weight: bold; margin: 0;"">Is there a person in this image?</p>
                    </div>
                </div>","0","main_experiment_trial","6","physical_activity_semantic","semantic_sequence","","","","",""
"","","","","","html-keyboard-response","260","733327","0.0-260.0","E55A9614FCB74F67BD0BC91F01BD4C2A","019cf795-33c7-7c68-a196-01eacf087397","019cf78c-cfcf-769c-9016-9b96552b5e33","","null","
                <div class=""stimulus-container"">
                    <img src=""images/semantic_sequence/physical_activity_semantic/physical_activity_semantic_7.png"" class=""exp-image"">
                    <div class=""question-area""></div> 
                </div>","null","","","","","","","","",""
"","","","","","html-button-response","261","734144","0.0-261.0","E55A9614FCB74F67BD0BC91F01BD4C2A","019cf795-33c7-7c68-a196-01eacf087397","019cf78c-cfcf-769c-9016-9b96552b5e33","","817","
                <div class=""stimulus-container"">
                    <img src=""images/semantic_sequence/physical_activity_semantic/physical_activity_semantic_7.png"" class=""exp-image"">
                    <div class=""question-area"">
                        <p style=""font-size: 20px; font-weight: bold; margin: 0;"">Is there a person in this image?</p>
                    </div>
                </div>","0","main_experiment_trial","7","physical_activity_semantic","semantic_sequence","","","","",""
"","","","","","html-keyboard-response","262","739149","0.0-262.0","E55A9614FCB74F67BD0BC91F01BD4C2A","019cf795-33c7-7c68-a196-01eacf087397","019cf78c-cfcf-769c-9016-9b96552b5e33","","null","
                <div class=""stimulus-container"">
                    <img src=""images/semantic_sequence/physical_activity_semantic/physical_activity_semantic_8.png"" class=""exp-image"">
                    <div class=""question-area""></div> 
                </div>","null","","","","","","","","",""
"","","","","","html-button-response","263","739784","0.0-263.0","E55A9614FCB74F67BD0BC91F01BD4C2A","019cf795-33c7-7c68-a196-01eacf087397","019cf78c-cfcf-769c-9016-9b96552b5e33","","635","
                <div class=""stimulus-container"">
                    <img src=""images/semantic_sequence/physical_activity_semantic/physical_activity_semantic_8.png"" class=""exp-image"">
                    <div class=""question-area"">
                        <p style=""font-size: 20px; font-weight: bold; margin: 0;"">Is there a person in this image?</p>
                    </div>
                </div>","0","main_experiment_trial","8","physical_activity_semantic","semantic_sequence","","","","",""
"","","","","","html-keyboard-response","264","744795","0.0-264.0","E55A9614FCB74F67BD0BC91F01BD4C2A","019cf795-33c7-7c68-a196-01eacf087397","019cf78c-cfcf-769c-9016-9b96552b5e33","","null","
                <div class=""stimulus-container"">
                    <img src=""images/semantic_sequence/physical_activity_semantic/physical_activity_semantic_9.png"" class=""exp-image"">
                    <div class=""question-area""></div> 
                </div>","null","","","","","","","","",""
"","","","","","html-button-response","265","745569","0.0-265.0","E55A9614FCB74F67BD0BC91F01BD4C2A","019cf795-33c7-7c68-a196-01eacf087397","019cf78c-cfcf-769c-9016-9b96552b5e33","","774","
                <div class=""stimulus-container"">
                    <img src=""images/semantic_sequence/physical_activity_semantic/physical_activity_semantic_9.png"" class=""exp-image"">
                    <div class=""question-area"">
                        <p style=""font-size: 20px; font-weight: bold; margin: 0;"">Is there a person in this image?</p>
                    </div>
                </div>","0","main_experiment_trial","9","physical_activity_semantic","semantic_sequence","","","","",""
"","","","","","html-keyboard-response","266","750575","0.0-266.0","E55A9614FCB74F67BD0BC91F01BD4C2A","019cf795-33c7-7c68-a196-01eacf087397","019cf78c-cfcf-769c-9016-9b96552b5e33","","null","
                <div class=""stimulus-container"">
                    <img src=""images/semantic_sequence/physical_activity_semantic/physical_activity_semantic_ten.png"" class=""exp-image"">
                    <div class=""question-area""></div> 
                </div>","null","","","","","","","","",""
"","","","","","html-button-response","267","751181","0.0-267.0","E55A9614FCB74F67BD0BC91F01BD4C2A","019cf795-33c7-7c68-a196-01eacf087397","019cf78c-cfcf-769c-9016-9b96552b5e33","","606","
                <div class=""stimulus-container"">
                    <img src=""images/semantic_sequence/physical_activity_semantic/physical_activity_semantic_ten.png"" class=""exp-image"">
                    <div class=""question-area"">
                        <p style=""font-size: 20px; font-weight: bold; margin: 0;"">Is there a person in this image?</p>
                    </div>
                </div>","0","main_experiment_trial","ten","physical_activity_semantic","semantic_sequence","","","","",""
"","","","","","instructions","268","752671","0.0-268.0","E55A9614FCB74F67BD0BC91F01BD4C2A","019cf795-33c7-7c68-a196-01eacf087397","019cf78c-cfcf-769c-9016-9b96552b5e33","[{""page_index"":0,""viewing_time"":1490}]","1490","","","","","","","","","","",""
"","","","","","instructions","269","758270","0.0-269.0","E55A9614FCB74F67BD0BC91F01BD4C2A","019cf795-33c7-7c68-a196-01eacf087397","019cf78c-cfcf-769c-9016-9b96552b5e33","[{""page_index"":0,""viewing_time"":5599}]","5599","","","","","","","","","","",""
"","","","","","html-keyboard-response","270","764281","0.0-270.0","E55A9614FCB74F67BD0BC91F01BD4C2A","019cf795-33c7-7c68-a196-01eacf087397","019cf78c-cfcf-769c-9016-9b96552b5e33","","null","
            <div class=""stimulus-container"" style=""display: flex; align-items: center; justify-content: center; gap: 40px;"">
                <img src=""images/semantic_sequence/market_semantic/market_semantic_3.png"" class=""exp-image"">
                <div style=""text-align: center;"">
                    <img src=""images/dollar.png"" style=""width: 150px; height: 150px; border: 5px solid green; border-radius: 15px;"">
                    <p style=""color: green; font-weight: bold; font-size: 28px; margin-top: 15px;"">WORTH MONEY</p>
                </div>
            </div>","null","part2_value_learning","","market_semantic","semantic_sequence","3","valuable","","",""
"","","","","","html-keyboard-response","271","765289","0.0-271.0","E55A9614FCB74F67BD0BC91F01BD4C2A","019cf795-33c7-7c68-a196-01eacf087397","019cf78c-cfcf-769c-9016-9b96552b5e33","","null","<div style=""background-color: white; width: 100vw; height: 100vh;""></div>","null","","","","","","","","",""
"","","","","","html-keyboard-response","272","771293","0.0-272.0","E55A9614FCB74F67BD0BC91F01BD4C2A","019cf795-33c7-7c68-a196-01eacf087397","019cf78c-cfcf-769c-9016-9b96552b5e33","","null","
            <div class=""stimulus-container"" style=""display: flex; align-items: center; justify-content: center; gap: 40px;"">
                <img src=""images/schematic_sequence/dinner_party_scheme/dinner_party_scheme_3.png"" class=""exp-image"">
                <div style=""text-align: center;"">
                    <img src=""images/gray.png"" style=""width: 150px; height: 150px; border: 5px solid grey; border-radius: 15px;"">
                    <p style=""color: grey; font-weight: bold; font-size: 28px; margin-top: 15px;"">NEUTRAL VALUE</p>
                </div>
            </div>","null","part2_value_learning","","dinner_party_scheme","schematic_sequence","3","neutral","","",""
"","","","","","html-keyboard-response","273","772299","0.0-273.0","E55A9614FCB74F67BD0BC91F01BD4C2A","019cf795-33c7-7c68-a196-01eacf087397","019cf78c-cfcf-769c-9016-9b96552b5e33","","null","<div style=""background-color: white; width: 100vw; height: 100vh;""></div>","null","","","","","","","","",""
"","","","","","html-keyboard-response","274","778305","0.0-274.0","E55A9614FCB74F67BD0BC91F01BD4C2A","019cf795-33c7-7c68-a196-01eacf087397","019cf78c-cfcf-769c-9016-9b96552b5e33","","null","
            <div class=""stimulus-container"" style=""display: flex; align-items: center; justify-content: center; gap: 40px;"">
                <img src=""images/schematic_sequence/interview_scheme/interview_scheme_6.png"" class=""exp-image"">
                <div style=""text-align: center;"">
                    <img src=""images/gray.png"" style=""width: 150px; height: 150px; border: 5px solid grey; border-radius: 15px;"">
                    <p style=""color: grey; font-weight: bold; font-size: 28px; margin-top: 15px;"">NEUTRAL VALUE</p>
                </div>
            </div>","null","part2_value_learning","","interview_scheme","schematic_sequence","6","neutral","","",""
"","","","","","html-keyboard-response","275","779313","0.0-275.0","E55A9614FCB74F67BD0BC91F01BD4C2A","019cf795-33c7-7c68-a196-01eacf087397","019cf78c-cfcf-769c-9016-9b96552b5e33","","null","<div style=""background-color: white; width: 100vw; height: 100vh;""></div>","null","","","","","","","","",""
"","","","","","html-keyboard-response","276","785318","0.0-276.0","E55A9614FCB74F67BD0BC91F01BD4C2A","019cf795-33c7-7c68-a196-01eacf087397","019cf78c-cfcf-769c-9016-9b96552b5e33","","null","
            <div class=""stimulus-container"" style=""display: flex; align-items: center; justify-content: center; gap: 40px;"">
                <img src=""images/schematic_sequence/flight_scheme/flight_scheme_6.png"" class=""exp-image"">
                <div style=""text-align: center;"">
                    <img src=""images/dollar.png"" style=""width: 150px; height: 150px; border: 5px solid green; border-radius: 15px;"">
                    <p style=""color: green; font-weight: bold; font-size: 28px; margin-top: 15px;"">WORTH MONEY</p>
                </div>
            </div>","null","part2_value_learning","","flight_scheme","schematic_sequence","6","valuable","","",""
"","","","","","html-keyboard-response","277","786324","0.0-277.0","E55A9614FCB74F67BD0BC91F01BD4C2A","019cf795-33c7-7c68-a196-01eacf087397","019cf78c-cfcf-769c-9016-9b96552b5e33","","null","<div style=""background-color: white; width: 100vw; height: 100vh;""></div>","null","","","","","","","","",""
"","","","","","html-keyboard-response","278","792330","0.0-278.0","E55A9614FCB74F67BD0BC91F01BD4C2A","019cf795-33c7-7c68-a196-01eacf087397","019cf78c-cfcf-769c-9016-9b96552b5e33","","null","
            <div class=""stimulus-container"" style=""display: flex; align-items: center; justify-content: center; gap: 40px;"">
                <img src=""images/semantic_sequence/exploring_nature_semantic/exploring_nature_semantic_4.png"" class=""exp-image"">
                <div style=""text-align: center;"">
                    <img src=""images/dollar.png"" style=""width: 150px; height: 150px; border: 5px solid green; border-radius: 15px;"">
                    <p style=""color: green; font-weight: bold; font-size: 28px; margin-top: 15px;"">WORTH MONEY</p>
                </div>
            </div>","null","part2_value_learning","","exploring_nature_semantic","semantic_sequence","4","valuable","","",""
"","","","","","html-keyboard-response","279","793341","0.0-279.0","E55A9614FCB74F67BD0BC91F01BD4C2A","019cf795-33c7-7c68-a196-01eacf087397","019cf78c-cfcf-769c-9016-9b96552b5e33","","null","<div style=""background-color: white; width: 100vw; height: 100vh;""></div>","null","","","","","","","","",""
"","","","","","html-keyboard-response","280","799347","0.0-280.0","E55A9614FCB74F67BD0BC91F01BD4C2A","019cf795-33c7-7c68-a196-01eacf087397","019cf78c-cfcf-769c-9016-9b96552b5e33","","null","
            <div class=""stimulus-container"" style=""display: flex; align-items: center; justify-content: center; gap: 40px;"">
                <img src=""images/semantic_sequence/physical_activity_semantic/physical_activity_semantic_4.png"" class=""exp-image"">
                <div style=""text-align: center;"">
                    <img src=""images/gray.png"" style=""width: 150px; height: 150px; border: 5px solid grey; border-radius: 15px;"">
                    <p style=""color: grey; font-weight: bold; font-size: 28px; margin-top: 15px;"">NEUTRAL VALUE</p>
                </div>
            </div>","null","part2_value_learning","","physical_activity_semantic","semantic_sequence","4","neutral","","",""
"","","","","","html-keyboard-response","281","800358","0.0-281.0","E55A9614FCB74F67BD0BC91F01BD4C2A","019cf795-33c7-7c68-a196-01eacf087397","019cf78c-cfcf-769c-9016-9b96552b5e33","","null","<div style=""background-color: white; width: 100vw; height: 100vh;""></div>","null","","","","","","","","",""
"","","","","","html-keyboard-response","282","806366","0.0-282.0","E55A9614FCB74F67BD0BC91F01BD4C2A","019cf795-33c7-7c68-a196-01eacf087397","019cf78c-cfcf-769c-9016-9b96552b5e33","","null","
            <div class=""stimulus-container"" style=""display: flex; align-items: center; justify-content: center; gap: 40px;"">
                <img src=""images/schematic_sequence/supermarket_scheme/supermarket_scheme_5.png"" class=""exp-image"">
                <div style=""text-align: center;"">
                    <img src=""images/dollar.png"" style=""width: 150px; height: 150px; border: 5px solid green; border-radius: 15px;"">
                    <p style=""color: green; font-weight: bold; font-size: 28px; margin-top: 15px;"">WORTH MONEY</p>
                </div>
            </div>","null","part2_value_learning","","supermarket_scheme","schematic_sequence","5","valuable","","",""
"","","","","","html-keyboard-response","283","807369","0.0-283.0","E55A9614FCB74F67BD0BC91F01BD4C2A","019cf795-33c7-7c68-a196-01eacf087397","019cf78c-cfcf-769c-9016-9b96552b5e33","","null","<div style=""background-color: white; width: 100vw; height: 100vh;""></div>","null","","","","","","","","",""
"","","","","","html-keyboard-response","284","813373","0.0-284.0","E55A9614FCB74F67BD0BC91F01BD4C2A","019cf795-33c7-7c68-a196-01eacf087397","019cf78c-cfcf-769c-9016-9b96552b5e33","","null","
            <div class=""stimulus-container"" style=""display: flex; align-items: center; justify-content: center; gap: 40px;"">
                <img src=""images/semantic_sequence/cat_care_semantic/cat_care_semantic_3.png"" class=""exp-image"">
                <div style=""text-align: center;"">
                    <img src=""images/gray.png"" style=""width: 150px; height: 150px; border: 5px solid grey; border-radius: 15px;"">
                    <p style=""color: grey; font-weight: bold; font-size: 28px; margin-top: 15px;"">NEUTRAL VALUE</p>
                </div>
            </div>","null","part2_value_learning","","cat_care_semantic","semantic_sequence","3","neutral","","",""
"","","","","","html-keyboard-response","285","814375","0.0-285.0","E55A9614FCB74F67BD0BC91F01BD4C2A","019cf795-33c7-7c68-a196-01eacf087397","019cf78c-cfcf-769c-9016-9b96552b5e33","","null","<div style=""background-color: white; width: 100vw; height: 100vh;""></div>","null","","","","","","","","",""
"","","","","","html-keyboard-response","286","820380","0.0-286.0","E55A9614FCB74F67BD0BC91F01BD4C2A","019cf795-33c7-7c68-a196-01eacf087397","019cf78c-cfcf-769c-9016-9b96552b5e33","","null","
            <div class=""stimulus-container"" style=""display: flex; align-items: center; justify-content: center; gap: 40px;"">
                <img src=""images/schematic_sequence/hotel_scheme/hotel_scheme_5.png"" class=""exp-image"">
                <div style=""text-align: center;"">
                    <img src=""images/dollar.png"" style=""width: 150px; height: 150px; border: 5px solid green; border-radius: 15px;"">
                    <p style=""color: green; font-weight: bold; font-size: 28px; margin-top: 15px;"">WORTH MONEY</p>
                </div>
            </div>","null","part2_value_learning","","hotel_scheme","schematic_sequence","5","valuable","","",""
"","","","","","html-keyboard-response","287","821389","0.0-287.0","E55A9614FCB74F67BD0BC91F01BD4C2A","019cf795-33c7-7c68-a196-01eacf087397","019cf78c-cfcf-769c-9016-9b96552b5e33","","null","<div style=""background-color: white; width: 100vw; height: 100vh;""></div>","null","","","","","","","","",""
"","","","","","html-keyboard-response","288","827394","0.0-288.0","E55A9614FCB74F67BD0BC91F01BD4C2A","019cf795-33c7-7c68-a196-01eacf087397","019cf78c-cfcf-769c-9016-9b96552b5e33","","null","
            <div class=""stimulus-container"" style=""display: flex; align-items: center; justify-content: center; gap: 40px;"">
                <img src=""images/semantic_sequence/kitchen_operations_semantic/kitchen_operations_semantic_7.png"" class=""exp-image"">
                <div style=""text-align: center;"">
                    <img src=""images/dollar.png"" style=""width: 150px; height: 150px; border: 5px solid green; border-radius: 15px;"">
                    <p style=""color: green; font-weight: bold; font-size: 28px; margin-top: 15px;"">WORTH MONEY</p>
                </div>
            </div>","null","part2_value_learning","","kitchen_operations_semantic","semantic_sequence","7","valuable","","",""
"","","","","","html-keyboard-response","289","828401","0.0-289.0","E55A9614FCB74F67BD0BC91F01BD4C2A","019cf795-33c7-7c68-a196-01eacf087397","019cf78c-cfcf-769c-9016-9b96552b5e33","","null","<div style=""background-color: white; width: 100vw; height: 100vh;""></div>","null","","","","","","","","",""
"","","","","","html-keyboard-response","290","834406","0.0-290.0","E55A9614FCB74F67BD0BC91F01BD4C2A","019cf795-33c7-7c68-a196-01eacf087397","019cf78c-cfcf-769c-9016-9b96552b5e33","","null","
            <div class=""stimulus-container"" style=""display: flex; align-items: center; justify-content: center; gap: 40px;"">
                <img src=""images/semantic_sequence/visiting_cities_semantic/visiting_cities_semantic_7.png"" class=""exp-image"">
                <div style=""text-align: center;"">
                    <img src=""images/gray.png"" style=""width: 150px; height: 150px; border: 5px solid grey; border-radius: 15px;"">
                    <p style=""color: grey; font-weight: bold; font-size: 28px; margin-top: 15px;"">NEUTRAL VALUE</p>
                </div>
            </div>","null","part2_value_learning","","visiting_cities_semantic","semantic_sequence","7","neutral","","",""
"","","","","","html-keyboard-response","291","835409","0.0-291.0","E55A9614FCB74F67BD0BC91F01BD4C2A","019cf795-33c7-7c68-a196-01eacf087397","019cf78c-cfcf-769c-9016-9b96552b5e33","","null","<div style=""background-color: white; width: 100vw; height: 100vh;""></div>","null","","","","","","","","",""
"","","","","","html-keyboard-response","292","841415","0.0-292.0","E55A9614FCB74F67BD0BC91F01BD4C2A","019cf795-33c7-7c68-a196-01eacf087397","019cf78c-cfcf-769c-9016-9b96552b5e33","","null","
            <div class=""stimulus-container"" style=""display: flex; align-items: center; justify-content: center; gap: 40px;"">
                <img src=""images/schematic_sequence/restaurant_scheme/restaurant_scheme_6.png"" class=""exp-image"">
                <div style=""text-align: center;"">
                    <img src=""images/gray.png"" style=""width: 150px; height: 150px; border: 5px solid grey; border-radius: 15px;"">
                    <p style=""color: grey; font-weight: bold; font-size: 28px; margin-top: 15px;"">NEUTRAL VALUE</p>
                </div>
            </div>","null","part2_value_learning","","restaurant_scheme","schematic_sequence","6","neutral","","",""
"","","","","","html-keyboard-response","293","842424","0.0-293.0","E55A9614FCB74F67BD0BC91F01BD4C2A","019cf795-33c7-7c68-a196-01eacf087397","019cf78c-cfcf-769c-9016-9b96552b5e33","","null","<div style=""background-color: white; width: 100vw; height: 100vh;""></div>","null","","","","","","","","",""
"","","","","","instructions","294","846946","0.0-294.0","E55A9614FCB74F67BD0BC91F01BD4C2A","019cf795-33c7-7c68-a196-01eacf087397","019cf78c-cfcf-769c-9016-9b96552b5e33","[{""page_index"":0,""viewing_time"":4522}]","4522","","","","","","","","","","",""
"","","","","","html-keyboard-response","295","849952","0.0-295.0-0.0","E55A9614FCB74F67BD0BC91F01BD4C2A","019cf795-33c7-7c68-a196-01eacf087397","019cf78c-cfcf-769c-9016-9b96552b5e33","","null","
                        <div style=""font-family: Arial; margin-bottom: 20px;""><h3>Which image is luckier?</h3></div>
                        <div class=""stimulus-container"" style=""display: flex; width: 800px; justify-content: center; gap: 30px;"">
                            <img src=""images/semantic_sequence/visiting_cities_semantic/visiting_cities_semantic_8.png"" class=""small-image"">
                            <img src=""images/semantic_sequence/visiting_cities_semantic/visiting_cities_semantic_6.png"" class=""small-image"">
                        </div>","null","","","","","","","","",""
"","","","","","html-button-response","296","851582","0.0-295.0-1.0","E55A9614FCB74F67BD0BC91F01BD4C2A","019cf795-33c7-7c68-a196-01eacf087397","019cf78c-cfcf-769c-9016-9b96552b5e33","","1629","
                        <div style=""font-family: Arial; margin-bottom: 20px;""><h3>Which image is luckier?</h3></div>
                        <div class=""stimulus-container"" style=""display: flex; width: 800px; justify-content: center; gap: 30px;"">
                            <img src=""images/semantic_sequence/visiting_cities_semantic/visiting_cities_semantic_8.png"" class=""small-image"">
                            <img src=""images/semantic_sequence/visiting_cities_semantic/visiting_cities_semantic_6.png"" class=""small-image"">
                        </div>","0","part3_choice_neighbors","","visiting_cities_semantic","semantic_sequence","","","8","7",""
"","","","","","html-keyboard-response","297","854593","0.0-296.0-0.0","E55A9614FCB74F67BD0BC91F01BD4C2A","019cf795-33c7-7c68-a196-01eacf087397","019cf78c-cfcf-769c-9016-9b96552b5e33","","null","<div style=""font-family: Arial; margin-bottom: 20px;""><h3>Which image is luckier?</h3></div>
                            <div class=""stimulus-container"" style=""display: flex; width: 800px; justify-content: center; gap: 30px;"">
                                <img src=""images/schematic_sequence/flight_scheme/flight_scheme_6.png"" class=""small-image"">
                                <img src=""images/schematic_sequence/interview_scheme/interview_scheme_6.png"" class=""small-image"">
                            </div>","null","","","","","","","","",""
"","","","","","html-button-response","298","855242","0.0-296.0-1.0","E55A9614FCB74F67BD0BC91F01BD4C2A","019cf795-33c7-7c68-a196-01eacf087397","019cf78c-cfcf-769c-9016-9b96552b5e33","","648","<div style=""font-family: Arial; margin-bottom: 20px;""><h3>Which image is luckier?</h3></div>
                            <div class=""stimulus-container"" style=""display: flex; width: 800px; justify-content: center; gap: 30px;"">
                                <img src=""images/schematic_sequence/flight_scheme/flight_scheme_6.png"" class=""small-image"">
                                <img src=""images/schematic_sequence/interview_scheme/interview_scheme_6.png"" class=""small-image"">
                            </div>","0","part3_valuable_vs_neutral_direct","","","","","","","","true"
"","","","","","html-keyboard-response","299","858249","0.0-297.0-0.0","E55A9614FCB74F67BD0BC91F01BD4C2A","019cf795-33c7-7c68-a196-01eacf087397","019cf78c-cfcf-769c-9016-9b96552b5e33","","null","
                        <div style=""font-family: Arial; margin-bottom: 20px;""><h3>Which image is luckier?</h3></div>
                        <div class=""stimulus-container"" style=""display: flex; width: 800px; justify-content: center; gap: 30px;"">
                            <img src=""images/schematic_sequence/interview_scheme/interview_scheme_7.png"" class=""small-image"">
                            <img src=""images/schematic_sequence/interview_scheme/interview_scheme_5.png"" class=""small-image"">
                        </div>","null","","","","","","","","",""
"","","","","","html-button-response","300","858997","0.0-297.0-1.0","E55A9614FCB74F67BD0BC91F01BD4C2A","019cf795-33c7-7c68-a196-01eacf087397","019cf78c-cfcf-769c-9016-9b96552b5e33","","747","
                        <div style=""font-family: Arial; margin-bottom: 20px;""><h3>Which image is luckier?</h3></div>
                        <div class=""stimulus-container"" style=""display: flex; width: 800px; justify-content: center; gap: 30px;"">
                            <img src=""images/schematic_sequence/interview_scheme/interview_scheme_7.png"" class=""small-image"">
                            <img src=""images/schematic_sequence/interview_scheme/interview_scheme_5.png"" class=""small-image"">
                        </div>","1","part3_choice_neighbors","","interview_scheme","schematic_sequence","","","5","6",""
"","","","","","html-keyboard-response","301","861999","0.0-298.0-0.0","E55A9614FCB74F67BD0BC91F01BD4C2A","019cf795-33c7-7c68-a196-01eacf087397","019cf78c-cfcf-769c-9016-9b96552b5e33","","null","
                        <div style=""font-family: Arial; margin-bottom: 20px;""><h3>Which image is luckier?</h3></div>
                        <div class=""stimulus-container"" style=""display: flex; width: 800px; justify-content: center; gap: 30px;"">
                            <img src=""images/schematic_sequence/dinner_party_scheme/dinner_party_scheme_4.png"" class=""small-image"">
                            <img src=""images/schematic_sequence/dinner_party_scheme/dinner_party_scheme_2.png"" class=""small-image"">
                        </div>","null","","","","","","","","",""
"","","","","","html-button-response","302","863213","0.0-298.0-1.0","E55A9614FCB74F67BD0BC91F01BD4C2A","019cf795-33c7-7c68-a196-01eacf087397","019cf78c-cfcf-769c-9016-9b96552b5e33","","1214","
                        <div style=""font-family: Arial; margin-bottom: 20px;""><h3>Which image is luckier?</h3></div>
                        <div class=""stimulus-container"" style=""display: flex; width: 800px; justify-content: center; gap: 30px;"">
                            <img src=""images/schematic_sequence/dinner_party_scheme/dinner_party_scheme_4.png"" class=""small-image"">
                            <img src=""images/schematic_sequence/dinner_party_scheme/dinner_party_scheme_2.png"" class=""small-image"">
                        </div>","0","part3_choice_neighbors","","dinner_party_scheme","schematic_sequence","","","4","3",""
"","","","","","html-keyboard-response","303","866221","0.0-299.0-0.0","E55A9614FCB74F67BD0BC91F01BD4C2A","019cf795-33c7-7c68-a196-01eacf087397","019cf78c-cfcf-769c-9016-9b96552b5e33","","null","
                        <div style=""font-family: Arial; margin-bottom: 20px;""><h3>Which image is luckier?</h3></div>
                        <div class=""stimulus-container"" style=""display: flex; width: 800px; justify-content: center; gap: 30px;"">
                            <img src=""images/schematic_sequence/hotel_scheme/hotel_scheme_4.png"" class=""small-image"">
                            <img src=""images/schematic_sequence/hotel_scheme/hotel_scheme_6.png"" class=""small-image"">
                        </div>","null","","","","","","","","",""
"","","","","","html-button-response","304","867058","0.0-299.0-1.0","E55A9614FCB74F67BD0BC91F01BD4C2A","019cf795-33c7-7c68-a196-01eacf087397","019cf78c-cfcf-769c-9016-9b96552b5e33","","836","
                        <div style=""font-family: Arial; margin-bottom: 20px;""><h3>Which image is luckier?</h3></div>
                        <div class=""stimulus-container"" style=""display: flex; width: 800px; justify-content: center; gap: 30px;"">
                            <img src=""images/schematic_sequence/hotel_scheme/hotel_scheme_4.png"" class=""small-image"">
                            <img src=""images/schematic_sequence/hotel_scheme/hotel_scheme_6.png"" class=""small-image"">
                        </div>","0","part3_choice_neighbors","","hotel_scheme","schematic_sequence","","","4","5",""
"","","","","","html-keyboard-response","305","870063","0.0-300.0-0.0","E55A9614FCB74F67BD0BC91F01BD4C2A","019cf795-33c7-7c68-a196-01eacf087397","019cf78c-cfcf-769c-9016-9b96552b5e33","","null","
                        <div style=""font-family: Arial; margin-bottom: 20px;""><h3>Which image is luckier?</h3></div>
                        <div class=""stimulus-container"" style=""display: flex; width: 800px; justify-content: center; gap: 30px;"">
                            <img src=""images/semantic_sequence/market_semantic/market_semantic_4.png"" class=""small-image"">
                            <img src=""images/semantic_sequence/market_semantic/market_semantic_2.png"" class=""small-image"">
                        </div>","null","","","","","","","","",""
"","","","","","html-button-response","306","870962","0.0-300.0-1.0","E55A9614FCB74F67BD0BC91F01BD4C2A","019cf795-33c7-7c68-a196-01eacf087397","019cf78c-cfcf-769c-9016-9b96552b5e33","","898","
                        <div style=""font-family: Arial; margin-bottom: 20px;""><h3>Which image is luckier?</h3></div>
                        <div class=""stimulus-container"" style=""display: flex; width: 800px; justify-content: center; gap: 30px;"">
                            <img src=""images/semantic_sequence/market_semantic/market_semantic_4.png"" class=""small-image"">
                            <img src=""images/semantic_sequence/market_semantic/market_semantic_2.png"" class=""small-image"">
                        </div>","1","part3_choice_neighbors","","market_semantic","semantic_sequence","","","2","3",""
"","","","","","html-keyboard-response","307","873963","0.0-301.0-0.0","E55A9614FCB74F67BD0BC91F01BD4C2A","019cf795-33c7-7c68-a196-01eacf087397","019cf78c-cfcf-769c-9016-9b96552b5e33","","null","<div style=""font-family: Arial; margin-bottom: 20px;""><h3>Which image is luckier?</h3></div>
                            <div class=""stimulus-container"" style=""display: flex; width: 800px; justify-content: center; gap: 30px;"">
                                <img src=""images/semantic_sequence/cat_care_semantic/cat_care_semantic_3.png"" class=""small-image"">
                                <img src=""images/schematic_sequence/supermarket_scheme/supermarket_scheme_5.png"" class=""small-image"">
                            </div>","null","","","","","","","","",""
"","","","","","html-button-response","308","874560","0.0-301.0-1.0","E55A9614FCB74F67BD0BC91F01BD4C2A","019cf795-33c7-7c68-a196-01eacf087397","019cf78c-cfcf-769c-9016-9b96552b5e33","","597","<div style=""font-family: Arial; margin-bottom: 20px;""><h3>Which image is luckier?</h3></div>
                            <div class=""stimulus-container"" style=""display: flex; width: 800px; justify-content: center; gap: 30px;"">
                                <img src=""images/semantic_sequence/cat_care_semantic/cat_care_semantic_3.png"" class=""small-image"">
                                <img src=""images/schematic_sequence/supermarket_scheme/supermarket_scheme_5.png"" class=""small-image"">
                            </div>","1","part3_valuable_vs_neutral_direct","","","","","","","","true"
"","","","","","html-keyboard-response","309","877571","0.0-302.0-0.0","E55A9614FCB74F67BD0BC91F01BD4C2A","019cf795-33c7-7c68-a196-01eacf087397","019cf78c-cfcf-769c-9016-9b96552b5e33","","null","<div style=""font-family: Arial; margin-bottom: 20px;""><h3>Which image is luckier?</h3></div>
                            <div class=""stimulus-container"" style=""display: flex; width: 800px; justify-content: center; gap: 30px;"">
                                <img src=""images/schematic_sequence/dinner_party_scheme/dinner_party_scheme_3.png"" class=""small-image"">
                                <img src=""images/semantic_sequence/exploring_nature_semantic/exploring_nature_semantic_4.png"" class=""small-image"">
                            </div>","null","","","","","","","","",""
"","","","","","html-button-response","310","878423","0.0-302.0-1.0","E55A9614FCB74F67BD0BC91F01BD4C2A","019cf795-33c7-7c68-a196-01eacf087397","019cf78c-cfcf-769c-9016-9b96552b5e33","","851","<div style=""font-family: Arial; margin-bottom: 20px;""><h3>Which image is luckier?</h3></div>
                            <div class=""stimulus-container"" style=""display: flex; width: 800px; justify-content: center; gap: 30px;"">
                                <img src=""images/schematic_sequence/dinner_party_scheme/dinner_party_scheme_3.png"" class=""small-image"">
                                <img src=""images/semantic_sequence/exploring_nature_semantic/exploring_nature_semantic_4.png"" class=""small-image"">
                            </div>","1","part3_valuable_vs_neutral_direct","","","","","","","","true"
"","","","","","html-keyboard-response","311","881429","0.0-303.0-0.0","E55A9614FCB74F67BD0BC91F01BD4C2A","019cf795-33c7-7c68-a196-01eacf087397","019cf78c-cfcf-769c-9016-9b96552b5e33","","null","
                        <div style=""font-family: Arial; margin-bottom: 20px;""><h3>Which image is luckier?</h3></div>
                        <div class=""stimulus-container"" style=""display: flex; width: 800px; justify-content: center; gap: 30px;"">
                            <img src=""images/semantic_sequence/kitchen_operations_semantic/kitchen_operations_semantic_8.png"" class=""small-image"">
                            <img src=""images/semantic_sequence/kitchen_operations_semantic/kitchen_operations_semantic_6.png"" class=""small-image"">
                        </div>","null","","","","","","","","",""
"","","","","","html-button-response","312","882326","0.0-303.0-1.0","E55A9614FCB74F67BD0BC91F01BD4C2A","019cf795-33c7-7c68-a196-01eacf087397","019cf78c-cfcf-769c-9016-9b96552b5e33","","896","
                        <div style=""font-family: Arial; margin-bottom: 20px;""><h3>Which image is luckier?</h3></div>
                        <div class=""stimulus-container"" style=""display: flex; width: 800px; justify-content: center; gap: 30px;"">
                            <img src=""images/semantic_sequence/kitchen_operations_semantic/kitchen_operations_semantic_8.png"" class=""small-image"">
                            <img src=""images/semantic_sequence/kitchen_operations_semantic/kitchen_operations_semantic_6.png"" class=""small-image"">
                        </div>","1","part3_choice_neighbors","","kitchen_operations_semantic","semantic_sequence","","","6","7",""
"","","","","","html-keyboard-response","313","885333","0.0-304.0-0.0","E55A9614FCB74F67BD0BC91F01BD4C2A","019cf795-33c7-7c68-a196-01eacf087397","019cf78c-cfcf-769c-9016-9b96552b5e33","","null","
                        <div style=""font-family: Arial; margin-bottom: 20px;""><h3>Which image is luckier?</h3></div>
                        <div class=""stimulus-container"" style=""display: flex; width: 800px; justify-content: center; gap: 30px;"">
                            <img src=""images/semantic_sequence/exploring_nature_semantic/exploring_nature_semantic_5.png"" class=""small-image"">
                            <img src=""images/semantic_sequence/exploring_nature_semantic/exploring_nature_semantic_3.png"" class=""small-image"">
                        </div>","null","","","","","","","","",""
"","","","","","html-button-response","314","886015","0.0-304.0-1.0","E55A9614FCB74F67BD0BC91F01BD4C2A","019cf795-33c7-7c68-a196-01eacf087397","019cf78c-cfcf-769c-9016-9b96552b5e33","","681","
                        <div style=""font-family: Arial; margin-bottom: 20px;""><h3>Which image is luckier?</h3></div>
                        <div class=""stimulus-container"" style=""display: flex; width: 800px; justify-content: center; gap: 30px;"">
                            <img src=""images/semantic_sequence/exploring_nature_semantic/exploring_nature_semantic_5.png"" class=""small-image"">
                            <img src=""images/semantic_sequence/exploring_nature_semantic/exploring_nature_semantic_3.png"" class=""small-image"">
                        </div>","0","part3_choice_neighbors","","exploring_nature_semantic","semantic_sequence","","","5","4",""
"","","","","","html-keyboard-response","315","889020","0.0-305.0-0.0","E55A9614FCB74F67BD0BC91F01BD4C2A","019cf795-33c7-7c68-a196-01eacf087397","019cf78c-cfcf-769c-9016-9b96552b5e33","","null","
                        <div style=""font-family: Arial; margin-bottom: 20px;""><h3>Which image is luckier?</h3></div>
                        <div class=""stimulus-container"" style=""display: flex; width: 800px; justify-content: center; gap: 30px;"">
                            <img src=""images/schematic_sequence/restaurant_scheme/restaurant_scheme_7.png"" class=""small-image"">
                            <img src=""images/schematic_sequence/restaurant_scheme/restaurant_scheme_5.png"" class=""small-image"">
                        </div>","null","","","","","","","","",""
"","","","","","html-button-response","316","889838","0.0-305.0-1.0","E55A9614FCB74F67BD0BC91F01BD4C2A","019cf795-33c7-7c68-a196-01eacf087397","019cf78c-cfcf-769c-9016-9b96552b5e33","","817","
                        <div style=""font-family: Arial; margin-bottom: 20px;""><h3>Which image is luckier?</h3></div>
                        <div class=""stimulus-container"" style=""display: flex; width: 800px; justify-content: center; gap: 30px;"">
                            <img src=""images/schematic_sequence/restaurant_scheme/restaurant_scheme_7.png"" class=""small-image"">
                            <img src=""images/schematic_sequence/restaurant_scheme/restaurant_scheme_5.png"" class=""small-image"">
                        </div>","0","part3_choice_neighbors","","restaurant_scheme","schematic_sequence","","","7","6",""
"","","","","","html-keyboard-response","317","892839","0.0-306.0-0.0","E55A9614FCB74F67BD0BC91F01BD4C2A","019cf795-33c7-7c68-a196-01eacf087397","019cf78c-cfcf-769c-9016-9b96552b5e33","","null","
                        <div style=""font-family: Arial; margin-bottom: 20px;""><h3>Which image is luckier?</h3></div>
                        <div class=""stimulus-container"" style=""display: flex; width: 800px; justify-content: center; gap: 30px;"">
                            <img src=""images/schematic_sequence/supermarket_scheme/supermarket_scheme_4.png"" class=""small-image"">
                            <img src=""images/schematic_sequence/supermarket_scheme/supermarket_scheme_6.png"" class=""small-image"">
                        </div>","null","","","","","","","","",""
"","","","","","html-button-response","318","893658","0.0-306.0-1.0","E55A9614FCB74F67BD0BC91F01BD4C2A","019cf795-33c7-7c68-a196-01eacf087397","019cf78c-cfcf-769c-9016-9b96552b5e33","","818","
                        <div style=""font-family: Arial; margin-bottom: 20px;""><h3>Which image is luckier?</h3></div>
                        <div class=""stimulus-container"" style=""display: flex; width: 800px; justify-content: center; gap: 30px;"">
                            <img src=""images/schematic_sequence/supermarket_scheme/supermarket_scheme_4.png"" class=""small-image"">
                            <img src=""images/schematic_sequence/supermarket_scheme/supermarket_scheme_6.png"" class=""small-image"">
                        </div>","1","part3_choice_neighbors","","supermarket_scheme","schematic_sequence","","","6","5",""
"","","","","","html-keyboard-response","319","896661","0.0-307.0-0.0","E55A9614FCB74F67BD0BC91F01BD4C2A","019cf795-33c7-7c68-a196-01eacf087397","019cf78c-cfcf-769c-9016-9b96552b5e33","","null","<div style=""font-family: Arial; margin-bottom: 20px;""><h3>Which image is luckier?</h3></div>
                            <div class=""stimulus-container"" style=""display: flex; width: 800px; justify-content: center; gap: 30px;"">
                                <img src=""images/semantic_sequence/kitchen_operations_semantic/kitchen_operations_semantic_7.png"" class=""small-image"">
                                <img src=""images/semantic_sequence/visiting_cities_semantic/visiting_cities_semantic_7.png"" class=""small-image"">
                            </div>","null","","","","","","","","",""
"","","","","","html-button-response","320","897272","0.0-307.0-1.0","E55A9614FCB74F67BD0BC91F01BD4C2A","019cf795-33c7-7c68-a196-01eacf087397","019cf78c-cfcf-769c-9016-9b96552b5e33","","610","<div style=""font-family: Arial; margin-bottom: 20px;""><h3>Which image is luckier?</h3></div>
                            <div class=""stimulus-container"" style=""display: flex; width: 800px; justify-content: center; gap: 30px;"">
                                <img src=""images/semantic_sequence/kitchen_operations_semantic/kitchen_operations_semantic_7.png"" class=""small-image"">
                                <img src=""images/semantic_sequence/visiting_cities_semantic/visiting_cities_semantic_7.png"" class=""small-image"">
                            </div>","0","part3_valuable_vs_neutral_direct","","","","","","","","true"
"","","","","","html-keyboard-response","321","900283","0.0-308.0-0.0","E55A9614FCB74F67BD0BC91F01BD4C2A","019cf795-33c7-7c68-a196-01eacf087397","019cf78c-cfcf-769c-9016-9b96552b5e33","","null","<div style=""font-family: Arial; margin-bottom: 20px;""><h3>Which image is luckier?</h3></div>
                            <div class=""stimulus-container"" style=""display: flex; width: 800px; justify-content: center; gap: 30px;"">
                                <img src=""images/schematic_sequence/restaurant_scheme/restaurant_scheme_6.png"" class=""small-image"">
                                <img src=""images/semantic_sequence/market_semantic/market_semantic_3.png"" class=""small-image"">
                            </div>","null","","","","","","","","",""
"","","","","","html-button-response","322","900883","0.0-308.0-1.0","E55A9614FCB74F67BD0BC91F01BD4C2A","019cf795-33c7-7c68-a196-01eacf087397","019cf78c-cfcf-769c-9016-9b96552b5e33","","599","<div style=""font-family: Arial; margin-bottom: 20px;""><h3>Which image is luckier?</h3></div>
                            <div class=""stimulus-container"" style=""display: flex; width: 800px; justify-content: center; gap: 30px;"">
                                <img src=""images/schematic_sequence/restaurant_scheme/restaurant_scheme_6.png"" class=""small-image"">
                                <img src=""images/semantic_sequence/market_semantic/market_semantic_3.png"" class=""small-image"">
                            </div>","1","part3_valuable_vs_neutral_direct","","","","","","","","true"
"","","","","","html-keyboard-response","323","903886","0.0-309.0-0.0","E55A9614FCB74F67BD0BC91F01BD4C2A","019cf795-33c7-7c68-a196-01eacf087397","019cf78c-cfcf-769c-9016-9b96552b5e33","","null","
                        <div style=""font-family: Arial; margin-bottom: 20px;""><h3>Which image is luckier?</h3></div>
                        <div class=""stimulus-container"" style=""display: flex; width: 800px; justify-content: center; gap: 30px;"">
                            <img src=""images/semantic_sequence/physical_activity_semantic/physical_activity_semantic_5.png"" class=""small-image"">
                            <img src=""images/semantic_sequence/physical_activity_semantic/physical_activity_semantic_3.png"" class=""small-image"">
                        </div>","null","","","","","","","","",""
"","","","","","html-button-response","324","904843","0.0-309.0-1.0","E55A9614FCB74F67BD0BC91F01BD4C2A","019cf795-33c7-7c68-a196-01eacf087397","019cf78c-cfcf-769c-9016-9b96552b5e33","","956","
                        <div style=""font-family: Arial; margin-bottom: 20px;""><h3>Which image is luckier?</h3></div>
                        <div class=""stimulus-container"" style=""display: flex; width: 800px; justify-content: center; gap: 30px;"">
                            <img src=""images/semantic_sequence/physical_activity_semantic/physical_activity_semantic_5.png"" class=""small-image"">
                            <img src=""images/semantic_sequence/physical_activity_semantic/physical_activity_semantic_3.png"" class=""small-image"">
                        </div>","1","part3_choice_neighbors","","physical_activity_semantic","semantic_sequence","","","3","4",""
"","","","","","html-keyboard-response","325","907849","0.0-310.0-0.0","E55A9614FCB74F67BD0BC91F01BD4C2A","019cf795-33c7-7c68-a196-01eacf087397","019cf78c-cfcf-769c-9016-9b96552b5e33","","null","<div style=""font-family: Arial; margin-bottom: 20px;""><h3>Which image is luckier?</h3></div>
                            <div class=""stimulus-container"" style=""display: flex; width: 800px; justify-content: center; gap: 30px;"">
                                <img src=""images/schematic_sequence/hotel_scheme/hotel_scheme_5.png"" class=""small-image"">
                                <img src=""images/semantic_sequence/physical_activity_semantic/physical_activity_semantic_4.png"" class=""small-image"">
                            </div>","null","","","","","","","","",""
"","","","","","html-button-response","326","908441","0.0-310.0-1.0","E55A9614FCB74F67BD0BC91F01BD4C2A","019cf795-33c7-7c68-a196-01eacf087397","019cf78c-cfcf-769c-9016-9b96552b5e33","","591","<div style=""font-family: Arial; margin-bottom: 20px;""><h3>Which image is luckier?</h3></div>
                            <div class=""stimulus-container"" style=""display: flex; width: 800px; justify-content: center; gap: 30px;"">
                                <img src=""images/schematic_sequence/hotel_scheme/hotel_scheme_5.png"" class=""small-image"">
                                <img src=""images/semantic_sequence/physical_activity_semantic/physical_activity_semantic_4.png"" class=""small-image"">
                            </div>","0","part3_valuable_vs_neutral_direct","","","","","","","","true"
"","","","","","html-keyboard-response","327","911448","0.0-311.0-0.0","E55A9614FCB74F67BD0BC91F01BD4C2A","019cf795-33c7-7c68-a196-01eacf087397","019cf78c-cfcf-769c-9016-9b96552b5e33","","null","
                        <div style=""font-family: Arial; margin-bottom: 20px;""><h3>Which image is luckier?</h3></div>
                        <div class=""stimulus-container"" style=""display: flex; width: 800px; justify-content: center; gap: 30px;"">
                            <img src=""images/semantic_sequence/cat_care_semantic/cat_care_semantic_2.png"" class=""small-image"">
                            <img src=""images/semantic_sequence/cat_care_semantic/cat_care_semantic_4.png"" class=""small-image"">
                        </div>","null","","","","","","","","",""
"","","","","","html-button-response","328","912273","0.0-311.0-1.0","E55A9614FCB74F67BD0BC91F01BD4C2A","019cf795-33c7-7c68-a196-01eacf087397","019cf78c-cfcf-769c-9016-9b96552b5e33","","824","
                        <div style=""font-family: Arial; margin-bottom: 20px;""><h3>Which image is luckier?</h3></div>
                        <div class=""stimulus-container"" style=""display: flex; width: 800px; justify-content: center; gap: 30px;"">
                            <img src=""images/semantic_sequence/cat_care_semantic/cat_care_semantic_2.png"" class=""small-image"">
                            <img src=""images/semantic_sequence/cat_care_semantic/cat_care_semantic_4.png"" class=""small-image"">
                        </div>","1","part3_choice_neighbors","","cat_care_semantic","semantic_sequence","","","4","3",""
"","","","","","html-keyboard-response","329","915274","0.0-312.0-0.0","E55A9614FCB74F67BD0BC91F01BD4C2A","019cf795-33c7-7c68-a196-01eacf087397","019cf78c-cfcf-769c-9016-9b96552b5e33","","null","
                        <div style=""font-family: Arial; margin-bottom: 20px;""><h3>Which image is luckier?</h3></div>
                        <div class=""stimulus-container"" style=""display: flex; width: 800px; justify-content: center; gap: 30px;"">
                            <img src=""images/schematic_sequence/flight_scheme/flight_scheme_5.png"" class=""small-image"">
                            <img src=""images/schematic_sequence/flight_scheme/flight_scheme_7.png"" class=""small-image"">
                        </div>","null","","","","","","","","",""
"","","","","","html-button-response","330","916081","0.0-312.0-1.0","E55A9614FCB74F67BD0BC91F01BD4C2A","019cf795-33c7-7c68-a196-01eacf087397","019cf78c-cfcf-769c-9016-9b96552b5e33","","806","
                        <div style=""font-family: Arial; margin-bottom: 20px;""><h3>Which image is luckier?</h3></div>
                        <div class=""stimulus-container"" style=""display: flex; width: 800px; justify-content: center; gap: 30px;"">
                            <img src=""images/schematic_sequence/flight_scheme/flight_scheme_5.png"" class=""small-image"">
                            <img src=""images/schematic_sequence/flight_scheme/flight_scheme_7.png"" class=""small-image"">
                        </div>","0","part3_choice_neighbors","","flight_scheme","schematic_sequence","","","5","6",""
"","","","","","survey-text","331","953884","0.0-313.0","E55A9614FCB74F67BD0BC91F01BD4C2A","019cf795-33c7-7c68-a196-01eacf087397","019cf78c-cfcf-769c-9016-9b96552b5e33","","37797","","{""gender"":""male"",""age"":""24"",""decision_strategy"":""I remembered the images that had a positive value."",""consistency_check"":""I did use the same logic for all pairs.""}","demographics_and_strategy","","","","","","","",""
"","","","","","instructions","332","960145","0.0-314.0","E55A9614FCB74F67BD0BC91F01BD4C2A","019cf795-33c7-7c68-a196-01eacf087397","019cf78c-cfcf-769c-9016-9b96552b5e33","[{""page_index"":0,""viewing_time"":6260}]","6261","","","","","","","","","","",""
